(+1 -110 -88 -29 -65 -93 +13 -34 +14 -102 +55 +54 -114 -21 +49 +112 +6 -104 +8 +2 -82 +53 +56 +7 +20 -36 -47 -68 +4 -45 -24 -44 +3 +26 -67 -76 -19 +119 +78 +91 -50 -23 +83 +59 -58 +46 -87 -51 -5 -81 +72 -52 -57 -77 -11 +70 -99 +103 -30 +105 +69 +109 +42 +98 +107 -48 -18 -9 +17 +108 -28 -84 +116 -41 -79 -117 -27 -32 +60 +120 -89 -12 +86 -95 -22 -39 +40 +62 +66 +97 +25 +38 -92 -61 +75 +90 -63 -73 -31 -122 +85 -113 -118 -71 -111 +101 -74 -10 +43 -94 -33 -64 +80 -121 -16 -35 +15 -96 -106 -115 +100 +37)
(+1 -2 -8 +104 -6 -112 -49 +21 +114 -54 -55 +102 -14 +34 -13 +93 +65 +29 +88 +110 -82 +53 +56 +7 +20 -36 -47 -68 +4 -45 -24 -44 +3 +26 -67 -76 -19 +119 +78 +91 -50 -23 +83 +59 -58 +46 -87 -51 -5 -81 +72 -52 -57 -77 -11 +70 -99 +103 -30 +105 +69 +109 +42 +98 +107 -48 -18 -9 +17 +108 -28 -84 +116 -41 -79 -117 -27 -32 +60 +120 -89 -12 +86 -95 -22 -39 +40 +62 +66 +97 +25 +38 -92 -61 +75 +90 -63 -73 -31 -122 +85 -113 -118 -71 -111 +101 -74 -10 +43 -94 -33 -64 +80 -121 -16 -35 +15 -96 -106 -115 +100 +37)
(+1 +2 -8 +104 -6 -112 -49 +21 +114 -54 -55 +102 -14 +34 -13 +93 +65 +29 +88 +110 -82 +53 +56 +7 +20 -36 -47 -68 +4 -45 -24 -44 +3 +26 -67 -76 -19 +119 +78 +91 -50 -23 +83 +59 -58 +46 -87 -51 -5 -81 +72 -52 -57 -77 -11 +70 -99 +103 -30 +105 +69 +109 +42 +98 +107 -48 -18 -9 +17 +108 -28 -84 +116 -41 -79 -117 -27 -32 +60 +120 -89 -12 +86 -95 -22 -39 +40 +62 +66 +97 +25 +38 -92 -61 +75 +90 -63 -73 -31 -122 +85 -113 -118 -71 -111 +101 -74 -10 +43 -94 -33 -64 +80 -121 -16 -35 +15 -96 -106 -115 +100 +37)
(+1 +2 -3 +44 +24 +45 -4 +68 +47 +36 -20 -7 -56 -53 +82 -110 -88 -29 -65 -93 +13 -34 +14 -102 +55 +54 -114 -21 +49 +112 +6 -104 +8 +26 -67 -76 -19 +119 +78 +91 -50 -23 +83 +59 -58 +46 -87 -51 -5 -81 +72 -52 -57 -77 -11 +70 -99 +103 -30 +105 +69 +109 +42 +98 +107 -48 -18 -9 +17 +108 -28 -84 +116 -41 -79 -117 -27 -32 +60 +120 -89 -12 +86 -95 -22 -39 +40 +62 +66 +97 +25 +38 -92 -61 +75 +90 -63 -73 -31 -122 +85 -113 -118 -71 -111 +101 -74 -10 +43 -94 -33 -64 +80 -121 -16 -35 +15 -96 -106 -115 +100 +37)
(+1 +2 +3 +44 +24 +45 -4 +68 +47 +36 -20 -7 -56 -53 +82 -110 -88 -29 -65 -93 +13 -34 +14 -102 +55 +54 -114 -21 +49 +112 +6 -104 +8 +26 -67 -76 -19 +119 +78 +91 -50 -23 +83 +59 -58 +46 -87 -51 -5 -81 +72 -52 -57 -77 -11 +70 -99 +103 -30 +105 +69 +109 +42 +98 +107 -48 -18 -9 +17 +108 -28 -84 +116 -41 -79 -117 -27 -32 +60 +120 -89 -12 +86 -95 -22 -39 +40 +62 +66 +97 +25 +38 -92 -61 +75 +90 -63 -73 -31 -122 +85 -113 -118 -71 -111 +101 -74 -10 +43 -94 -33 -64 +80 -121 -16 -35 +15 -96 -106 -115 +100 +37)
(+1 +2 +3 +4 -45 -24 -44 +68 +47 +36 -20 -7 -56 -53 +82 -110 -88 -29 -65 -93 +13 -34 +14 -102 +55 +54 -114 -21 +49 +112 +6 -104 +8 +26 -67 -76 -19 +119 +78 +91 -50 -23 +83 +59 -58 +46 -87 -51 -5 -81 +72 -52 -57 -77 -11 +70 -99 +103 -30 +105 +69 +109 +42 +98 +107 -48 -18 -9 +17 +108 -28 -84 +116 -41 -79 -117 -27 -32 +60 +120 -89 -12 +86 -95 -22 -39 +40 +62 +66 +97 +25 +38 -92 -61 +75 +90 -63 -73 -31 -122 +85 -113 -118 -71 -111 +101 -74 -10 +43 -94 -33 -64 +80 -121 -16 -35 +15 -96 -106 -115 +100 +37)
(+1 +2 +3 +4 +5 +51 +87 -46 +58 -59 -83 +23 +50 -91 -78 -119 +19 +76 +67 -26 -8 +104 -6 -112 -49 +21 +114 -54 -55 +102 -14 +34 -13 +93 +65 +29 +88 +110 -82 +53 +56 +7 +20 -36 -47 -68 +44 +24 +45 -81 +72 -52 -57 -77 -11 +70 -99 +103 -30 +105 +69 +109 +42 +98 +107 -48 -18 -9 +17 +108 -28 -84 +116 -41 -79 -117 -27 -32 +60 +120 -89 -12 +86 -95 -22 -39 +40 +62 +66 +97 +25 +38 -92 -61 +75 +90 -63 -73 -31 -122 +85 -113 -118 -71 -111 +101 -74 -10 +43 -94 -33 -64 +80 -121 -16 -35 +15 -96 -106 -115 +100 +37)
(+1 +2 +3 +4 +5 +6 -104 +8 +26 -67 -76 -19 +119 +78 +91 -50 -23 +83 +59 -58 +46 -87 -51 -112 -49 +21 +114 -54 -55 +102 -14 +34 -13 +93 +65 +29 +88 +110 -82 +53 +56 +7 +20 -36 -47 -68 +44 +24 +45 -81 +72 -52 -57 -77 -11 +70 -99 +103 -30 +105 +69 +109 +42 +98 +107 -48 -18 -9 +17 +108 -28 -84 +116 -41 -79 -117 -27 -32 +60 +120 -89 -12 +86 -95 -22 -39 +40 +62 +66 +97 +25 +38 -92 -61 +75 +90 -63 -73 -31 -122 +85 -113 -118 -71 -111 +101 -74 -10 +43 -94 -33 -64 +80 -121 -16 -35 +15 -96 -106 -115 +100 +37)
(+1 +2 +3 +4 +5 +6 -7 -56 -53 +82 -110 -88 -29 -65 -93 +13 -34 +14 -102 +55 +54 -114 -21 +49 +112 +51 +87 -46 +58 -59 -83 +23 +50 -91 -78 -119 +19 +76 +67 -26 -8 +104 +20 -36 -47 -68 +44 +24 +45 -81 +72 -52 -57 -77 -11 +70 -99 +103 -30 +105 +69 +109 +42 +98 +107 -48 -18 -9 +17 +108 -28 -84 +116 -41 -79 -117 -27 -32 +60 +120 -89 -12 +86 -95 -22 -39 +40 +62 +66 +97 +25 +38 -92 -61 +75 +90 -63 -73 -31 -122 +85 -113 -118 -71 -111 +101 -74 -10 +43 -94 -33 -64 +80 -121 -16 -35 +15 -96 -106 -115 +100 +37)
(+1 +2 +3 +4 +5 +6 +7 -56 -53 +82 -110 -88 -29 -65 -93 +13 -34 +14 -102 +55 +54 -114 -21 +49 +112 +51 +87 -46 +58 -59 -83 +23 +50 -91 -78 -119 +19 +76 +67 -26 -8 +104 +20 -36 -47 -68 +44 +24 +45 -81 +72 -52 -57 -77 -11 +70 -99 +103 -30 +105 +69 +109 +42 +98 +107 -48 -18 -9 +17 +108 -28 -84 +116 -41 -79 -117 -27 -32 +60 +120 -89 -12 +86 -95 -22 -39 +40 +62 +66 +97 +25 +38 -92 -61 +75 +90 -63 -73 -31 -122 +85 -113 -118 -71 -111 +101 -74 -10 +43 -94 -33 -64 +80 -121 -16 -35 +15 -96 -106 -115 +100 +37)
(+1 +2 +3 +4 +5 +6 +7 +8 +26 -67 -76 -19 +119 +78 +91 -50 -23 +83 +59 -58 +46 -87 -51 -112 -49 +21 +114 -54 -55 +102 -14 +34 -13 +93 +65 +29 +88 +110 -82 +53 +56 +104 +20 -36 -47 -68 +44 +24 +45 -81 +72 -52 -57 -77 -11 +70 -99 +103 -30 +105 +69 +109 +42 +98 +107 -48 -18 -9 +17 +108 -28 -84 +116 -41 -79 -117 -27 -32 +60 +120 -89 -12 +86 -95 -22 -39 +40 +62 +66 +97 +25 +38 -92 -61 +75 +90 -63 -73 -31 -122 +85 -113 -118 -71 -111 +101 -74 -10 +43 -94 -33 -64 +80 -121 -16 -35 +15 -96 -106 -115 +100 +37)
(+1 +2 +3 +4 +5 +6 +7 +8 +9 +18 +48 -107 -98 -42 -109 -69 -105 +30 -103 +99 -70 +11 +77 +57 +52 -72 +81 -45 -24 -44 +68 +47 +36 -20 -104 -56 -53 +82 -110 -88 -29 -65 -93 +13 -34 +14 -102 +55 +54 -114 -21 +49 +112 +51 +87 -46 +58 -59 -83 +23 +50 -91 -78 -119 +19 +76 +67 -26 +17 +108 -28 -84 +116 -41 -79 -117 -27 -32 +60 +120 -89 -12 +86 -95 -22 -39 +40 +62 +66 +97 +25 +38 -92 -61 +75 +90 -63 -73 -31 -122 +85 -113 -118 -71 -111 +101 -74 -10 +43 -94 -33 -64 +80 -121 -16 -35 +15 -96 -106 -115 +100 +37)
(+1 +2 +3 +4 +5 +6 +7 +8 +9 +10 +74 -101 +111 +71 +118 +113 -85 +122 +31 +73 +63 -90 -75 +61 +92 -38 -25 -97 -66 -62 -40 +39 +22 +95 -86 +12 +89 -120 -60 +32 +27 +117 +79 +41 -116 +84 +28 -108 -17 +26 -67 -76 -19 +119 +78 +91 -50 -23 +83 +59 -58 +46 -87 -51 -112 -49 +21 +114 -54 -55 +102 -14 +34 -13 +93 +65 +29 +88 +110 -82 +53 +56 +104 +20 -36 -47 -68 +44 +24 +45 -81 +72 -52 -57 -77 -11 +70 -99 +103 -30 +105 +69 +109 +42 +98 +107 -48 -18 +43 -94 -33 -64 +80 -121 -16 -35 +15 -96 -106 -115 +100 +37)
(+1 +2 +3 +4 +5 +6 +7 +8 +9 +10 +11 +77 +57 +52 -72 +81 -45 -24 -44 +68 +47 +36 -20 -104 -56 -53 +82 -110 -88 -29 -65 -93 +13 -34 +14 -102 +55 +54 -114 -21 +49 +112 +51 +87 -46 +58 -59 -83 +23 +50 -91 -78 -119 +19 +76 +67 -26 +17 +108 -28 -84 +116 -41 -79 -117 -27 -32 +60 +120 -89 -12 +86 -95 -22 -39 +40 +62 +66 +97 +25 +38 -92 -61 +75 +90 -63 -73 -31 -122 +85 -113 -118 -71 -111 +101 -74 +70 -99 +103 -30 +105 +69 +109 +42 +98 +107 -48 -18 +43 -94 -33 -64 +80 -121 -16 -35 +15 -96 -106 -115 +100 +37)
(+1 +2 +3 +4 +5 +6 +7 +8 +9 +10 +11 +12 +89 -120 -60 +32 +27 +117 +79 +41 -116 +84 +28 -108 -17 +26 -67 -76 -19 +119 +78 +91 -50 -23 +83 +59 -58 +46 -87 -51 -112 -49 +21 +114 -54 -55 +102 -14 +34 -13 +93 +65 +29 +88 +110 -82 +53 +56 +104 +20 -36 -47 -68 +44 +24 +45 -81 +72 -52 -57 -77 +86 -95 -22 -39 +40 +62 +66 +97 +25 +38 -92 -61 +75 +90 -63 -73 -31 -122 +85 -113 -118 -71 -111 +101 -74 +70 -99 +103 -30 +105 +69 +109 +42 +98 +107 -48 -18 +43 -94 -33 -64 +80 -121 -16 -35 +15 -96 -106 -115 +100 +37)
(+1 +2 +3 +4 +5 +6 +7 +8 +9 +10 +11 +12 +13 -34 +14 -102 +55 +54 -114 -21 +49 +112 +51 +87 -46 +58 -59 -83 +23 +50 -91 -78 -119 +19 +76 +67 -26 +17 +108 -28 -84 +116 -41 -79 -117 -27 -32 +60 +120 -89 +93 +65 +29 +88 +110 -82 +53 +56 +104 +20 -36 -47 -68 +44 +24 +45 -81 +72 -52 -57 -77 +86 -95 -22 -39 +40 +62 +66 +97 +25 +38 -92 -61 +75 +90 -63 -73 -31 -122 +85 -113 -118 -71 -111 +101 -74 +70 -99 +103 -30 +105 +69 +109 +42 +98 +107 -48 -18 +43 -94 -33 -64 +80 -121 -16 -35 +15 -96 -106 -115 +100 +37)
(+1 +2 +3 +4 +5 +6 +7 +8 +9 +10 +11 +12 +13 -14 +34 -102 +55 +54 -114 -21 +49 +112 +51 +87 -46 +58 -59 -83 +23 +50 -91 -78 -119 +19 +76 +67 -26 +17 +108 -28 -84 +116 -41 -79 -117 -27 -32 +60 +120 -89 +93 +65 +29 +88 +110 -82 +53 +56 +104 +20 -36 -47 -68 +44 +24 +45 -81 +72 -52 -57 -77 +86 -95 -22 -39 +40 +62 +66 +97 +25 +38 -92 -61 +75 +90 -63 -73 -31 -122 +85 -113 -118 -71 -111 +101 -74 +70 -99 +103 -30 +105 +69 +109 +42 +98 +107 -48 -18 +43 -94 -33 -64 +80 -121 -16 -35 +15 -96 -106 -115 +100 +37)
(+1 +2 +3 +4 +5 +6 +7 +8 +9 +10 +11 +12 +13 +14 +34 -102 +55 +54 -114 -21 +49 +112 +51 +87 -46 +58 -59 -83 +23 +50 -91 -78 -119 +19 +76 +67 -26 +17 +108 -28 -84 +116 -41 -79 -117 -27 -32 +60 +120 -89 +93 +65 +29 +88 +110 -82 +53 +56 +104 +20 -36 -47 -68 +44 +24 +45 -81 +72 -52 -57 -77 +86 -95 -22 -39 +40 +62 +66 +97 +25 +38 -92 -61 +75 +90 -63 -73 -31 -122 +85 -113 -118 -71 -111 +101 -74 +70 -99 +103 -30 +105 +69 +109 +42 +98 +107 -48 -18 +43 -94 -33 -64 +80 -121 -16 -35 +15 -96 -106 -115 +100 +37)
(+1 +2 +3 +4 +5 +6 +7 +8 +9 +10 +11 +12 +13 +14 -15 +35 +16 +121 -80 +64 +33 +94 -43 +18 +48 -107 -98 -42 -109 -69 -105 +30 -103 +99 -70 +74 -101 +111 +71 +118 +113 -85 +122 +31 +73 +63 -90 -75 +61 +92 -38 -25 -97 -66 -62 -40 +39 +22 +95 -86 +77 +57 +52 -72 +81 -45 -24 -44 +68 +47 +36 -20 -104 -56 -53 +82 -110 -88 -29 -65 -93 +89 -120 -60 +32 +27 +117 +79 +41 -116 +84 +28 -108 -17 +26 -67 -76 -19 +119 +78 +91 -50 -23 +83 +59 -58 +46 -87 -51 -112 -49 +21 +114 -54 -55 +102 -34 -96 -106 -115 +100 +37)
(+1 +2 +3 +4 +5 +6 +7 +8 +9 +10 +11 +12 +13 +14 +15 +35 +16 +121 -80 +64 +33 +94 -43 +18 +48 -107 -98 -42 -109 -69 -105 +30 -103 +99 -70 +74 -101 +111 +71 +118 +113 -85 +122 +31 +73 +63 -90 -75 +61 +92 -38 -25 -97 -66 -62 -40 +39 +22 +95 -86 +77 +57 +52 -72 +81 -45 -24 -44 +68 +47 +36 -20 -104 -56 -53 +82 -110 -88 -29 -65 -93 +89 -120 -60 +32 +27 +117 +79 +41 -116 +84 +28 -108 -17 +26 -67 -76 -19 +119 +78 +91 -50 -23 +83 +59 -58 +46 -87 -51 -112 -49 +21 +114 -54 -55 +102 -34 -96 -106 -115 +100 +37)
(+1 +2 +3 +4 +5 +6 +7 +8 +9 +10 +11 +12 +13 +14 +15 -16 -35 +121 -80 +64 +33 +94 -43 +18 +48 -107 -98 -42 -109 -69 -105 +30 -103 +99 -70 +74 -101 +111 +71 +118 +113 -85 +122 +31 +73 +63 -90 -75 +61 +92 -38 -25 -97 -66 -62 -40 +39 +22 +95 -86 +77 +57 +52 -72 +81 -45 -24 -44 +68 +47 +36 -20 -104 -56 -53 +82 -110 -88 -29 -65 -93 +89 -120 -60 +32 +27 +117 +79 +41 -116 +84 +28 -108 -17 +26 -67 -76 -19 +119 +78 +91 -50 -23 +83 +59 -58 +46 -87 -51 -112 -49 +21 +114 -54 -55 +102 -34 -96 -106 -115 +100 +37)
(+1 +2 +3 +4 +5 +6 +7 +8 +9 +10 +11 +12 +13 +14 +15 +16 -35 +121 -80 +64 +33 +94 -43 +18 +48 -107 -98 -42 -109 -69 -105 +30 -103 +99 -70 +74 -101 +111 +71 +118 +113 -85 +122 +31 +73 +63 -90 -75 +61 +92 -38 -25 -97 -66 -62 -40 +39 +22 +95 -86 +77 +57 +52 -72 +81 -45 -24 -44 +68 +47 +36 -20 -104 -56 -53 +82 -110 -88 -29 -65 -93 +89 -120 -60 +32 +27 +117 +79 +41 -116 +84 +28 -108 -17 +26 -67 -76 -19 +119 +78 +91 -50 -23 +83 +59 -58 +46 -87 -51 -112 -49 +21 +114 -54 -55 +102 -34 -96 -106 -115 +100 +37)
(+1 +2 +3 +4 +5 +6 +7 +8 +9 +10 +11 +12 +13 +14 +15 +16 +17 +108 -28 -84 +116 -41 -79 -117 -27 -32 +60 +120 -89 +93 +65 +29 +88 +110 -82 +53 +56 +104 +20 -36 -47 -68 +44 +24 +45 -81 +72 -52 -57 -77 +86 -95 -22 -39 +40 +62 +66 +97 +25 +38 -92 -61 +75 +90 -63 -73 -31 -122 +85 -113 -118 -71 -111 +101 -74 +70 -99 +103 -30 +105 +69 +109 +42 +98 +107 -48 -18 +43 -94 -33 -64 +80 -121 +35 +26 -67 -76 -19 +119 +78 +91 -50 -23 +83 +59 -58 +46 -87 -51 -112 -49 +21 +114 -54 -55 +102 -34 -96 -106 -115 +100 +37)
(+1 +2 +3 +4 +5 +6 +7 +8 +9 +10 +11 +12 +13 +14 +15 +16 +17 +18 +48 -107 -98 -42 -109 -69 -105 +30 -103 +99 -70 +74 -101 +111 +71 +118 +113 -85 +122 +31 +73 +63 -90 -75 +61 +92 -38 -25 -97 -66 -62 -40 +39 +22 +95 -86 +77 +57 +52 -72 +81 -45 -24 -44 +68 +47 +36 -20 -104 -56 -53 +82 -110 -88 -29 -65 -93 +89 -120 -60 +32 +27 +117 +79 +41 -116 +84 +28 -108 +43 -94 -33 -64 +80 -121 +35 +26 -67 -76 -19 +119 +78 +91 -50 -23 +83 +59 -58 +46 -87 -51 -112 -49 +21 +114 -54 -55 +102 -34 -96 -106 -115 +100 +37)
(+1 +2 +3 +4 +5 +6 +7 +8 +9 +10 +11 +12 +13 +14 +15 +16 +17 +18 +19 +76 +67 -26 -35 +121 -80 +64 +33 +94 -43 +108 -28 -84 +116 -41 -79 -117 -27 -32 +60 +120 -89 +93 +65 +29 +88 +110 -82 +53 +56 +104 +20 -36 -47 -68 +44 +24 +45 -81 +72 -52 -57 -77 +86 -95 -22 -39 +40 +62 +66 +97 +25 +38 -92 -61 +75 +90 -63 -73 -31 -122 +85 -113 -118 -71 -111 +101 -74 +70 -99 +103 -30 +105 +69 +109 +42 +98 +107 -48 +119 +78 +91 -50 -23 +83 +59 -58 +46 -87 -51 -112 -49 +21 +114 -54 -55 +102 -34 -96 -106 -115 +100 +37)
(+1 +2 +3 +4 +5 +6 +7 +8 +9 +10 +11 +12 +13 +14 +15 +16 +17 +18 +19 -20 -104 -56 -53 +82 -110 -88 -29 -65 -93 +89 -120 -60 +32 +27 +117 +79 +41 -116 +84 +28 -108 +43 -94 -33 -64 +80 -121 +35 +26 -67 -76 -36 -47 -68 +44 +24 +45 -81 +72 -52 -57 -77 +86 -95 -22 -39 +40 +62 +66 +97 +25 +38 -92 -61 +75 +90 -63 -73 -31 -122 +85 -113 -118 -71 -111 +101 -74 +70 -99 +103 -30 +105 +69 +109 +42 +98 +107 -48 +119 +78 +91 -50 -23 +83 +59 -58 +46 -87 -51 -112 -49 +21 +114 -54 -55 +102 -34 -96 -106 -115 +100 +37)
(+1 +2 +3 +4 +5 +6 +7 +8 +9 +10 +11 +12 +13 +14 +15 +16 +17 +18 +19 +20 -104 -56 -53 +82 -110 -88 -29 -65 -93 +89 -120 -60 +32 +27 +117 +79 +41 -116 +84 +28 -108 +43 -94 -33 -64 +80 -121 +35 +26 -67 -76 -36 -47 -68 +44 +24 +45 -81 +72 -52 -57 -77 +86 -95 -22 -39 +40 +62 +66 +97 +25 +38 -92 -61 +75 +90 -63 -73 -31 -122 +85 -113 -118 -71 -111 +101 -74 +70 -99 +103 -30 +105 +69 +109 +42 +98 +107 -48 +119 +78 +91 -50 -23 +83 +59 -58 +46 -87 -51 -112 -49 +21 +114 -54 -55 +102 -34 -96 -106 -115 +100 +37)
(+1 +2 +3 +4 +5 +6 +7 +8 +9 +10 +11 +12 +13 +14 +15 +16 +17 +18 +19 +20 -21 +49 +112 +51 +87 -46 +58 -59 -83 +23 +50 -91 -78 -119 +48 -107 -98 -42 -109 -69 -105 +30 -103 +99 -70 +74 -101 +111 +71 +118 +113 -85 +122 +31 +73 +63 -90 -75 +61 +92 -38 -25 -97 -66 -62 -40 +39 +22 +95 -86 +77 +57 +52 -72 +81 -45 -24 -44 +68 +47 +36 +76 +67 -26 -35 +121 -80 +64 +33 +94 -43 +108 -28 -84 +116 -41 -79 -117 -27 -32 +60 +120 -89 +93 +65 +29 +88 +110 -82 +53 +56 +104 +114 -54 -55 +102 -34 -96 -106 -115 +100 +37)
(+1 +2 +3 +4 +5 +6 +7 +8 +9 +10 +11 +12 +13 +14 +15 +16 +17 +18 +19 +20 +21 +49 +112 +51 +87 -46 +58 -59 -83 +23 +50 -91 -78 -119 +48 -107 -98 -42 -109 -69 -105 +30 -103 +99 -70 +74 -101 +111 +71 +118 +113 -85 +122 +31 +73 +63 -90 -75 +61 +92 -38 -25 -97 -66 -62 -40 +39 +22 +95 -86 +77 +57 +52 -72 +81 -45 -24 -44 +68 +47 +36 +76 +67 -26 -35 +121 -80 +64 +33 +94 -43 +108 -28 -84 +116 -41 -79 -117 -27 -32 +60 +120 -89 +93 +65 +29 +88 +110 -82 +53 +56 +104 +114 -54 -55 +102 -34 -96 -106 -115 +100 +37)
(+1 +2 +3 +4 +5 +6 +7 +8 +9 +10 +11 +12 +13 +14 +15 +16 +17 +18 +19 +20 +21 -22 -39 +40 +62 +66 +97 +25 +38 -92 -61 +75 +90 -63 -73 -31 -122 +85 -113 -118 -71 -111 +101 -74 +70 -99 +103 -30 +105 +69 +109 +42 +98 +107 -48 +119 +78 +91 -50 -23 +83 +59 -58 +46 -87 -51 -112 -49 +95 -86 +77 +57 +52 -72 +81 -45 -24 -44 +68 +47 +36 +76 +67 -26 -35 +121 -80 +64 +33 +94 -43 +108 -28 -84 +116 -41 -79 -117 -27 -32 +60 +120 -89 +93 +65 +29 +88 +110 -82 +53 +56 +104 +114 -54 -55 +102 -34 -96 -106 -115 +100 +37)
(+1 +2 +3 +4 +5 +6 +7 +8 +9 +10 +11 +12 +13 +14 +15 +16 +17 +18 +19 +20 +21 +22 -39 +40 +62 +66 +97 +25 +38 -92 -61 +75 +90 -63 -73 -31 -122 +85 -113 -118 -71 -111 +101 -74 +70 -99 +103 -30 +105 +69 +109 +42 +98 +107 -48 +119 +78 +91 -50 -23 +83 +59 -58 +46 -87 -51 -112 -49 +95 -86 +77 +57 +52 -72 +81 -45 -24 -44 +68 +47 +36 +76 +67 -26 -35 +121 -80 +64 +33 +94 -43 +108 -28 -84 +116 -41 -79 -117 -27 -32 +60 +120 -89 +93 +65 +29 +88 +110 -82 +53 +56 +104 +114 -54 -55 +102 -34 -96 -106 -115 +100 +37)
(+1 +2 +3 +4 +5 +6 +7 +8 +9 +10 +11 +12 +13 +14 +15 +16 +17 +18 +19 +20 +21 +22 +23 +50 -91 -78 -119 +48 -107 -98 -42 -109 -69 -105 +30 -103 +99 -70 +74 -101 +111 +71 +118 +113 -85 +122 +31 +73 +63 -90 -75 +61 +92 -38 -25 -97 -66 -62 -40 +39 +83 +59 -58 +46 -87 -51 -112 -49 +95 -86 +77 +57 +52 -72 +81 -45 -24 -44 +68 +47 +36 +76 +67 -26 -35 +121 -80 +64 +33 +94 -43 +108 -28 -84 +116 -41 -79 -117 -27 -32 +60 +120 -89 +93 +65 +29 +88 +110 -82 +53 +56 +104 +114 -54 -55 +102 -34 -96 -106 -115 +100 +37)
(+1 +2 +3 +4 +5 +6 +7 +8 +9 +10 +11 +12 +13 +14 +15 +16 +17 +18 +19 +20 +21 +22 +23 +24 +45 -81 +72 -52 -57 -77 +86 -95 +49 +112 +51 +87 -46 +58 -59 -83 -39 +40 +62 +66 +97 +25 +38 -92 -61 +75 +90 -63 -73 -31 -122 +85 -113 -118 -71 -111 +101 -74 +70 -99 +103 -30 +105 +69 +109 +42 +98 +107 -48 +119 +78 +91 -50 -44 +68 +47 +36 +76 +67 -26 -35 +121 -80 +64 +33 +94 -43 +108 -28 -84 +116 -41 -79 -117 -27 -32 +60 +120 -89 +93 +65 +29 +88 +110 -82 +53 +56 +104 +114 -54 -55 +102 -34 -96 -106 -115 +100 +37)
(+1 +2 +3 +4 +5 +6 +7 +8 +9 +10 +11 +12 +13 +14 +15 +16 +17 +18 +19 +20 +21 +22 +23 +24 -25 -97 -66 -62 -40 +39 +83 +59 -58 +46 -87 -51 -112 -49 +95 -86 +77 +57 +52 -72 +81 -45 +38 -92 -61 +75 +90 -63 -73 -31 -122 +85 -113 -118 -71 -111 +101 -74 +70 -99 +103 -30 +105 +69 +109 +42 +98 +107 -48 +119 +78 +91 -50 -44 +68 +47 +36 +76 +67 -26 -35 +121 -80 +64 +33 +94 -43 +108 -28 -84 +116 -41 -79 -117 -27 -32 +60 +120 -89 +93 +65 +29 +88 +110 -82 +53 +56 +104 +114 -54 -55 +102 -34 -96 -106 -115 +100 +37)
(+1 +2 +3 +4 +5 +6 +7 +8 +9 +10 +11 +12 +13 +14 +15 +16 +17 +18 +19 +20 +21 +22 +23 +24 +25 -97 -66 -62 -40 +39 +83 +59 -58 +46 -87 -51 -112 -49 +95 -86 +77 +57 +52 -72 +81 -45 +38 -92 -61 +75 +90 -63 -73 -31 -122 +85 -113 -118 -71 -111 +101 -74 +70 -99 +103 -30 +105 +69 +109 +42 +98 +107 -48 +119 +78 +91 -50 -44 +68 +47 +36 +76 +67 -26 -35 +121 -80 +64 +33 +94 -43 +108 -28 -84 +116 -41 -79 -117 -27 -32 +60 +120 -89 +93 +65 +29 +88 +110 -82 +53 +56 +104 +114 -54 -55 +102 -34 -96 -106 -115 +100 +37)
(+1 +2 +3 +4 +5 +6 +7 +8 +9 +10 +11 +12 +13 +14 +15 +16 +17 +18 +19 +20 +21 +22 +23 +24 +25 +26 -67 -76 -36 -47 -68 +44 +50 -91 -78 -119 +48 -107 -98 -42 -109 -69 -105 +30 -103 +99 -70 +74 -101 +111 +71 +118 +113 -85 +122 +31 +73 +63 -90 -75 +61 +92 -38 +45 -81 +72 -52 -57 -77 +86 -95 +49 +112 +51 +87 -46 +58 -59 -83 -39 +40 +62 +66 +97 -35 +121 -80 +64 +33 +94 -43 +108 -28 -84 +116 -41 -79 -117 -27 -32 +60 +120 -89 +93 +65 +29 +88 +110 -82 +53 +56 +104 +114 -54 -55 +102 -34 -96 -106 -115 +100 +37)
(+1 +2 +3 +4 +5 +6 +7 +8 +9 +10 +11 +12 +13 +14 +15 +16 +17 +18 +19 +20 +21 +22 +23 +24 +25 +26 +27 +117 +79 +41 -116 +84 +28 -108 +43 -94 -33 -64 +80 -121 +35 -97 -66 -62 -40 +39 +83 +59 -58 +46 -87 -51 -112 -49 +95 -86 +77 +57 +52 -72 +81 -45 +38 -92 -61 +75 +90 -63 -73 -31 -122 +85 -113 -118 -71 -111 +101 -74 +70 -99 +103 -30 +105 +69 +109 +42 +98 +107 -48 +119 +78 +91 -50 -44 +68 +47 +36 +76 +67 -32 +60 +120 -89 +93 +65 +29 +88 +110 -82 +53 +56 +104 +114 -54 -55 +102 -34 -96 -106 -115 +100 +37)
(+1 +2 +3 +4 +5 +6 +7 +8 +9 +10 +11 +12 +13 +14 +15 +16 +17 +18 +19 +20 +21 +22 +23 +24 +25 +26 +27 -28 -84 +116 -41 -79 -117 -108 +43 -94 -33 -64 +80 -121 +35 -97 -66 -62 -40 +39 +83 +59 -58 +46 -87 -51 -112 -49 +95 -86 +77 +57 +52 -72 +81 -45 +38 -92 -61 +75 +90 -63 -73 -31 -122 +85 -113 -118 -71 -111 +101 -74 +70 -99 +103 -30 +105 +69 +109 +42 +98 +107 -48 +119 +78 +91 -50 -44 +68 +47 +36 +76 +67 -32 +60 +120 -89 +93 +65 +29 +88 +110 -82 +53 +56 +104 +114 -54 -55 +102 -34 -96 -106 -115 +100 +37)
(+1 +2 +3 +4 +5 +6 +7 +8 +9 +10 +11 +12 +13 +14 +15 +16 +17 +18 +19 +20 +21 +22 +23 +24 +25 +26 +27 +28 -84 +116 -41 -79 -117 -108 +43 -94 -33 -64 +80 -121 +35 -97 -66 -62 -40 +39 +83 +59 -58 +46 -87 -51 -112 -49 +95 -86 +77 +57 +52 -72 +81 -45 +38 -92 -61 +75 +90 -63 -73 -31 -122 +85 -113 -118 -71 -111 +101 -74 +70 -99 +103 -30 +105 +69 +109 +42 +98 +107 -48 +119 +78 +91 -50 -44 +68 +47 +36 +76 +67 -32 +60 +120 -89 +93 +65 +29 +88 +110 -82 +53 +56 +104 +114 -54 -55 +102 -34 -96 -106 -115 +100 +37)
(+1 +2 +3 +4 +5 +6 +7 +8 +9 +10 +11 +12 +13 +14 +15 +16 +17 +18 +19 +20 +21 +22 +23 +24 +25 +26 +27 +28 -29 -65 -93 +89 -120 -60 +32 -67 -76 -36 -47 -68 +44 +50 -91 -78 -119 +48 -107 -98 -42 -109 -69 -105 +30 -103 +99 -70 +74 -101 +111 +71 +118 +113 -85 +122 +31 +73 +63 -90 -75 +61 +92 -38 +45 -81 +72 -52 -57 -77 +86 -95 +49 +112 +51 +87 -46 +58 -59 -83 -39 +40 +62 +66 +97 -35 +121 -80 +64 +33 +94 -43 +108 +117 +79 +41 -116 +84 +88 +110 -82 +53 +56 +104 +114 -54 -55 +102 -34 -96 -106 -115 +100 +37)
(+1 +2 +3 +4 +5 +6 +7 +8 +9 +10 +11 +12 +13 +14 +15 +16 +17 +18 +19 +20 +21 +22 +23 +24 +25 +26 +27 +28 +29 -65 -93 +89 -120 -60 +32 -67 -76 -36 -47 -68 +44 +50 -91 -78 -119 +48 -107 -98 -42 -109 -69 -105 +30 -103 +99 -70 +74 -101 +111 +71 +118 +113 -85 +122 +31 +73 +63 -90 -75 +61 +92 -38 +45 -81 +72 -52 -57 -77 +86 -95 +49 +112 +51 +87 -46 +58 -59 -83 -39 +40 +62 +66 +97 -35 +121 -80 +64 +33 +94 -43 +108 +117 +79 +41 -116 +84 +88 +110 -82 +53 +56 +104 +114 -54 -55 +102 -34 -96 -106 -115 +100 +37)
(+1 +2 +3 +4 +5 +6 +7 +8 +9 +10 +11 +12 +13 +14 +15 +16 +17 +18 +19 +20 +21 +22 +23 +24 +25 +26 +27 +28 +29 -30 +105 +69 +109 +42 +98 +107 -48 +119 +78 +91 -50 -44 +68 +47 +36 +76 +67 -32 +60 +120 -89 +93 +65 -103 +99 -70 +74 -101 +111 +71 +118 +113 -85 +122 +31 +73 +63 -90 -75 +61 +92 -38 +45 -81 +72 -52 -57 -77 +86 -95 +49 +112 +51 +87 -46 +58 -59 -83 -39 +40 +62 +66 +97 -35 +121 -80 +64 +33 +94 -43 +108 +117 +79 +41 -116 +84 +88 +110 -82 +53 +56 +104 +114 -54 -55 +102 -34 -96 -106 -115 +100 +37)
(+1 +2 +3 +4 +5 +6 +7 +8 +9 +10 +11 +12 +13 +14 +15 +16 +17 +18 +19 +20 +21 +22 +23 +24 +25 +26 +27 +28 +29 +30 +105 +69 +109 +42 +98 +107 -48 +119 +78 +91 -50 -44 +68 +47 +36 +76 +67 -32 +60 +120 -89 +93 +65 -103 +99 -70 +74 -101 +111 +71 +118 +113 -85 +122 +31 +73 +63 -90 -75 +61 +92 -38 +45 -81 +72 -52 -57 -77 +86 -95 +49 +112 +51 +87 -46 +58 -59 -83 -39 +40 +62 +66 +97 -35 +121 -80 +64 +33 +94 -43 +108 +117 +79 +41 -116 +84 +88 +110 -82 +53 +56 +104 +114 -54 -55 +102 -34 -96 -106 -115 +100 +37)
(+1 +2 +3 +4 +5 +6 +7 +8 +9 +10 +11 +12 +13 +14 +15 +16 +17 +18 +19 +20 +21 +22 +23 +24 +25 +26 +27 +28 +29 +30 -31 -122 +85 -113 -118 -71 -111 +101 -74 +70 -99 +103 -65 -93 +89 -120 -60 +32 -67 -76 -36 -47 -68 +44 +50 -91 -78 -119 +48 -107 -98 -42 -109 -69 -105 +73 +63 -90 -75 +61 +92 -38 +45 -81 +72 -52 -57 -77 +86 -95 +49 +112 +51 +87 -46 +58 -59 -83 -39 +40 +62 +66 +97 -35 +121 -80 +64 +33 +94 -43 +108 +117 +79 +41 -116 +84 +88 +110 -82 +53 +56 +104 +114 -54 -55 +102 -34 -96 -106 -115 +100 +37)
(+1 +2 +3 +4 +5 +6 +7 +8 +9 +10 +11 +12 +13 +14 +15 +16 +17 +18 +19 +20 +21 +22 +23 +24 +25 +26 +27 +28 +29 +30 +31 -122 +85 -113 -118 -71 -111 +101 -74 +70 -99 +103 -65 -93 +89 -120 -60 +32 -67 -76 -36 -47 -68 +44 +50 -91 -78 -119 +48 -107 -98 -42 -109 -69 -105 +73 +63 -90 -75 +61 +92 -38 +45 -81 +72 -52 -57 -77 +86 -95 +49 +112 +51 +87 -46 +58 -59 -83 -39 +40 +62 +66 +97 -35 +121 -80 +64 +33 +94 -43 +108 +117 +79 +41 -116 +84 +88 +110 -82 +53 +56 +104 +114 -54 -55 +102 -34 -96 -106 -115 +100 +37)
(+1 +2 +3 +4 +5 +6 +7 +8 +9 +10 +11 +12 +13 +14 +15 +16 +17 +18 +19 +20 +21 +22 +23 +24 +25 +26 +27 +28 +29 +30 +31 -32 +60 +120 -89 +93 +65 -103 +99 -70 +74 -101 +111 +71 +118 +113 -85 +122 -67 -76 -36 -47 -68 +44 +50 -91 -78 -119 +48 -107 -98 -42 -109 -69 -105 +73 +63 -90 -75 +61 +92 -38 +45 -81 +72 -52 -57 -77 +86 -95 +49 +112 +51 +87 -46 +58 -59 -83 -39 +40 +62 +66 +97 -35 +121 -80 +64 +33 +94 -43 +108 +117 +79 +41 -116 +84 +88 +110 -82 +53 +56 +104 +114 -54 -55 +102 -34 -96 -106 -115 +100 +37)
(+1 +2 +3 +4 +5 +6 +7 +8 +9 +10 +11 +12 +13 +14 +15 +16 +17 +18 +19 +20 +21 +22 +23 +24 +25 +26 +27 +28 +29 +30 +31 +32 +60 +120 -89 +93 +65 -103 +99 -70 +74 -101 +111 +71 +118 +113 -85 +122 -67 -76 -36 -47 -68 +44 +50 -91 -78 -119 +48 -107 -98 -42 -109 -69 -105 +73 +63 -90 -75 +61 +92 -38 +45 -81 +72 -52 -57 -77 +86 -95 +49 +112 +51 +87 -46 +58 -59 -83 -39 +40 +62 +66 +97 -35 +121 -80 +64 +33 +94 -43 +108 +117 +79 +41 -116 +84 +88 +110 -82 +53 +56 +104 +114 -54 -55 +102 -34 -96 -106 -115 +100 +37)
(+1 +2 +3 +4 +5 +6 +7 +8 +9 +10 +11 +12 +13 +14 +15 +16 +17 +18 +19 +20 +21 +22 +23 +24 +25 +26 +27 +28 +29 +30 +31 +32 -33 -64 +80 -121 +35 -97 -66 -62 -40 +39 +83 +59 -58 +46 -87 -51 -112 -49 +95 -86 +77 +57 +52 -72 +81 -45 +38 -92 -61 +75 +90 -63 -73 +105 +69 +109 +42 +98 +107 -48 +119 +78 +91 -50 -44 +68 +47 +36 +76 +67 -122 +85 -113 -118 -71 -111 +101 -74 +70 -99 +103 -65 -93 +89 -120 -60 +94 -43 +108 +117 +79 +41 -116 +84 +88 +110 -82 +53 +56 +104 +114 -54 -55 +102 -34 -96 -106 -115 +100 +37)
(+1 +2 +3 +4 +5 +6 +7 +8 +9 +10 +11 +12 +13 +14 +15 +16 +17 +18 +19 +20 +21 +22 +23 +24 +25 +26 +27 +28 +29 +30 +31 +32 +33 -64 +80 -121 +35 -97 -66 -62 -40 +39 +83 +59 -58 +46 -87 -51 -112 -49 +95 -86 +77 +57 +52 -72 +81 -45 +38 -92 -61 +75 +90 -63 -73 +105 +69 +109 +42 +98 +107 -48 +119 +78 +91 -50 -44 +68 +47 +36 +76 +67 -122 +85 -113 -118 -71 -111 +101 -74 +70 -99 +103 -65 -93 +89 -120 -60 +94 -43 +108 +117 +79 +41 -116 +84 +88 +110 -82 +53 +56 +104 +114 -54 -55 +102 -34 -96 -106 -115 +100 +37)
(+1 +2 +3 +4 +5 +6 +7 +8 +9 +10 +11 +12 +13 +14 +15 +16 +17 +18 +19 +20 +21 +22 +23 +24 +25 +26 +27 +28 +29 +30 +31 +32 +33 +34 -102 +55 +54 -114 -104 -56 -53 +82 -110 -88 -84 +116 -41 -79 -117 -108 +43 -94 +60 +120 -89 +93 +65 -103 +99 -70 +74 -101 +111 +71 +118 +113 -85 +122 -67 -76 -36 -47 -68 +44 +50 -91 -78 -119 +48 -107 -98 -42 -109 -69 -105 +73 +63 -90 -75 +61 +92 -38 +45 -81 +72 -52 -57 -77 +86 -95 +49 +112 +51 +87 -46 +58 -59 -83 -39 +40 +62 +66 +97 -35 +121 -80 +64 -96 -106 -115 +100 +37)
(+1 +2 +3 +4 +5 +6 +7 +8 +9 +10 +11 +12 +13 +14 +15 +16 +17 +18 +19 +20 +21 +22 +23 +24 +25 +26 +27 +28 +29 +30 +31 +32 +33 +34 +35 -97 -66 -62 -40 +39 +83 +59 -58 +46 -87 -51 -112 -49 +95 -86 +77 +57 +52 -72 +81 -45 +38 -92 -61 +75 +90 -63 -73 +105 +69 +109 +42 +98 +107 -48 +119 +78 +91 -50 -44 +68 +47 +36 +76 +67 -122 +85 -113 -118 -71 -111 +101 -74 +70 -99 +103 -65 -93 +89 -120 -60 +94 -43 +108 +117 +79 +41 -116 +84 +88 +110 -82 +53 +56 +104 +114 -54 -55 +102 +121 -80 +64 -96 -106 -115 +100 +37)
(+1 +2 +3 +4 +5 +6 +7 +8 +9 +10 +11 +12 +13 +14 +15 +16 +17 +18 +19 +20 +21 +22 +23 +24 +25 +26 +27 +28 +29 +30 +31 +32 +33 +34 +35 -36 -47 -68 +44 +50 -91 -78 -119 +48 -107 -98 -42 -109 -69 -105 +73 +63 -90 -75 +61 +92 -38 +45 -81 +72 -52 -57 -77 +86 -95 +49 +112 +51 +87 -46 +58 -59 -83 -39 +40 +62 +66 +97 +76 +67 -122 +85 -113 -118 -71 -111 +101 -74 +70 -99 +103 -65 -93 +89 -120 -60 +94 -43 +108 +117 +79 +41 -116 +84 +88 +110 -82 +53 +56 +104 +114 -54 -55 +102 +121 -80 +64 -96 -106 -115 +100 +37)
(+1 +2 +3 +4 +5 +6 +7 +8 +9 +10 +11 +12 +13 +14 +15 +16 +17 +18 +19 +20 +21 +22 +23 +24 +25 +26 +27 +28 +29 +30 +31 +32 +33 +34 +35 +36 -47 -68 +44 +50 -91 -78 -119 +48 -107 -98 -42 -109 -69 -105 +73 +63 -90 -75 +61 +92 -38 +45 -81 +72 -52 -57 -77 +86 -95 +49 +112 +51 +87 -46 +58 -59 -83 -39 +40 +62 +66 +97 +76 +67 -122 +85 -113 -118 -71 -111 +101 -74 +70 -99 +103 -65 -93 +89 -120 -60 +94 -43 +108 +117 +79 +41 -116 +84 +88 +110 -82 +53 +56 +104 +114 -54 -55 +102 +121 -80 +64 -96 -106 -115 +100 +37)
(+1 +2 +3 +4 +5 +6 +7 +8 +9 +10 +11 +12 +13 +14 +15 +16 +17 +18 +19 +20 +21 +22 +23 +24 +25 +26 +27 +28 +29 +30 +31 +32 +33 +34 +35 +36 -37 -100 +115 +106 +96 -64 +80 -121 -102 +55 +54 -114 -104 -56 -53 +82 -110 -88 -84 +116 -41 -79 -117 -108 +43 -94 +60 +120 -89 +93 +65 -103 +99 -70 +74 -101 +111 +71 +118 +113 -85 +122 -67 -76 -97 -66 -62 -40 +39 +83 +59 -58 +46 -87 -51 -112 -49 +95 -86 +77 +57 +52 -72 +81 -45 +38 -92 -61 +75 +90 -63 -73 +105 +69 +109 +42 +98 +107 -48 +119 +78 +91 -50 -44 +68 +47)
(+1 +2 +3 +4 +5 +6 +7 +8 +9 +10 +11 +12 +13 +14 +15 +16 +17 +18 +19 +20 +21 +22 +23 +24 +25 +26 +27 +28 +29 +30 +31 +32 +33 +34 +35 +36 +37 -100 +115 +106 +96 -64 +80 -121 -102 +55 +54 -114 -104 -56 -53 +82 -110 -88 -84 +116 -41 -79 -117 -108 +43 -94 +60 +120 -89 +93 +65 -103 +99 -70 +74 -101 +111 +71 +118 +113 -85 +122 -67 -76 -97 -66 -62 -40 +39 +83 +59 -58 +46 -87 -51 -112 -49 +95 -86 +77 +57 +52 -72 +81 -45 +38 -92 -61 +75 +90 -63 -73 +105 +69 +109 +42 +98 +107 -48 +119 +78 +91 -50 -44 +68 +47)
(+1 +2 +3 +4 +5 +6 +7 +8 +9 +10 +11 +12 +13 +14 +15 +16 +17 +18 +19 +20 +21 +22 +23 +24 +25 +26 +27 +28 +29 +30 +31 +32 +33 +34 +35 +36 +37 -38 +45 -81 +72 -52 -57 -77 +86 -95 +49 +112 +51 +87 -46 +58 -59 -83 -39 +40 +62 +66 +97 +76 +67 -122 +85 -113 -118 -71 -111 +101 -74 +70 -99 +103 -65 -93 +89 -120 -60 +94 -43 +108 +117 +79 +41 -116 +84 +88 +110 -82 +53 +56 +104 +114 -54 -55 +102 +121 -80 +64 -96 -106 -115 +100 -92 -61 +75 +90 -63 -73 +105 +69 +109 +42 +98 +107 -48 +119 +78 +91 -50 -44 +68 +47)
(+1 +2 +3 +4 +5 +6 +7 +8 +9 +10 +11 +12 +13 +14 +15 +16 +17 +18 +19 +20 +21 +22 +23 +24 +25 +26 +27 +28 +29 +30 +31 +32 +33 +34 +35 +36 +37 +38 +45 -81 +72 -52 -57 -77 +86 -95 +49 +112 +51 +87 -46 +58 -59 -83 -39 +40 +62 +66 +97 +76 +67 -122 +85 -113 -118 -71 -111 +101 -74 +70 -99 +103 -65 -93 +89 -120 -60 +94 -43 +108 +117 +79 +41 -116 +84 +88 +110 -82 +53 +56 +104 +114 -54 -55 +102 +121 -80 +64 -96 -106 -115 +100 -92 -61 +75 +90 -63 -73 +105 +69 +109 +42 +98 +107 -48 +119 +78 +91 -50 -44 +68 +47)
(+1 +2 +3 +4 +5 +6 +7 +8 +9 +10 +11 +12 +13 +14 +15 +16 +17 +18 +19 +20 +21 +22 +23 +24 +25 +26 +27 +28 +29 +30 +31 +32 +33 +34 +35 +36 +37 +38 +39 +83 +59 -58 +46 -87 -51 -112 -49 +95 -86 +77 +57 +52 -72 +81 -45 +40 +62 +66 +97 +76 +67 -122 +85 -113 -118 -71 -111 +101 -74 +70 -99 +103 -65 -93 +89 -120 -60 +94 -43 +108 +117 +79 +41 -116 +84 +88 +110 -82 +53 +56 +104 +114 -54 -55 +102 +121 -80 +64 -96 -106 -115 +100 -92 -61 +75 +90 -63 -73 +105 +69 +109 +42 +98 +107 -48 +119 +78 +91 -50 -44 +68 +47)
(+1 +2 +3 +4 +5 +6 +7 +8 +9 +10 +11 +12 +13 +14 +15 +16 +17 +18 +19 +20 +21 +22 +23 +24 +25 +26 +27 +28 +29 +30 +31 +32 +33 +34 +35 +36 +37 +38 +39 -40 +45 -81 +72 -52 -57 -77 +86 -95 +49 +112 +51 +87 -46 +58 -59 -83 +62 +66 +97 +76 +67 -122 +85 -113 -118 -71 -111 +101 -74 +70 -99 +103 -65 -93 +89 -120 -60 +94 -43 +108 +117 +79 +41 -116 +84 +88 +110 -82 +53 +56 +104 +114 -54 -55 +102 +121 -80 +64 -96 -106 -115 +100 -92 -61 +75 +90 -63 -73 +105 +69 +109 +42 +98 +107 -48 +119 +78 +91 -50 -44 +68 +47)
(+1 +2 +3 +4 +5 +6 +7 +8 +9 +10 +11 +12 +13 +14 +15 +16 +17 +18 +19 +20 +21 +22 +23 +24 +25 +26 +27 +28 +29 +30 +31 +32 +33 +34 +35 +36 +37 +38 +39 +40 +45 -81 +72 -52 -57 -77 +86 -95 +49 +112 +51 +87 -46 +58 -59 -83 +62 +66 +97 +76 +67 -122 +85 -113 -118 -71 -111 +101 -74 +70 -99 +103 -65 -93 +89 -120 -60 +94 -43 +108 +117 +79 +41 -116 +84 +88 +110 -82 +53 +56 +104 +114 -54 -55 +102 +121 -80 +64 -96 -106 -115 +100 -92 -61 +75 +90 -63 -73 +105 +69 +109 +42 +98 +107 -48 +119 +78 +91 -50 -44 +68 +47)
(+1 +2 +3 +4 +5 +6 +7 +8 +9 +10 +11 +12 +13 +14 +15 +16 +17 +18 +19 +20 +21 +22 +23 +24 +25 +26 +27 +28 +29 +30 +31 +32 +33 +34 +35 +36 +37 +38 +39 +40 -41 -79 -117 -108 +43 -94 +60 +120 -89 +93 +65 -103 +99 -70 +74 -101 +111 +71 +118 +113 -85 +122 -67 -76 -97 -66 -62 +83 +59 -58 +46 -87 -51 -112 -49 +95 -86 +77 +57 +52 -72 +81 -45 -116 +84 +88 +110 -82 +53 +56 +104 +114 -54 -55 +102 +121 -80 +64 -96 -106 -115 +100 -92 -61 +75 +90 -63 -73 +105 +69 +109 +42 +98 +107 -48 +119 +78 +91 -50 -44 +68 +47)
(+1 +2 +3 +4 +5 +6 +7 +8 +9 +10 +11 +12 +13 +14 +15 +16 +17 +18 +19 +20 +21 +22 +23 +24 +25 +26 +27 +28 +29 +30 +31 +32 +33 +34 +35 +36 +37 +38 +39 +40 +41 -79 -117 -108 +43 -94 +60 +120 -89 +93 +65 -103 +99 -70 +74 -101 +111 +71 +118 +113 -85 +122 -67 -76 -97 -66 -62 +83 +59 -58 +46 -87 -51 -112 -49 +95 -86 +77 +57 +52 -72 +81 -45 -116 +84 +88 +110 -82 +53 +56 +104 +114 -54 -55 +102 +121 -80 +64 -96 -106 -115 +100 -92 -61 +75 +90 -63 -73 +105 +69 +109 +42 +98 +107 -48 +119 +78 +91 -50 -44 +68 +47)
(+1 +2 +3 +4 +5 +6 +7 +8 +9 +10 +11 +12 +13 +14 +15 +16 +17 +18 +19 +20 +21 +22 +23 +24 +25 +26 +27 +28 +29 +30 +31 +32 +33 +34 +35 +36 +37 +38 +39 +40 +41 -42 -109 -69 -105 +73 +63 -90 -75 +61 +92 -100 +115 +106 +96 -64 +80 -121 -102 +55 +54 -114 -104 -56 -53 +82 -110 -88 -84 +116 +45 -81 +72 -52 -57 -77 +86 -95 +49 +112 +51 +87 -46 +58 -59 -83 +62 +66 +97 +76 +67 -122 +85 -113 -118 -71 -111 +101 -74 +70 -99 +103 -65 -93 +89 -120 -60 +94 -43 +108 +117 +79 +98 +107 -48 +119 +78 +91 -50 -44 +68 +47)
(+1 +2 +3 +4 +5 +6 +7 +8 +9 +10 +11 +12 +13 +14 +15 +16 +17 +18 +19 +20 +21 +22 +23 +24 +25 +26 +27 +28 +29 +30 +31 +32 +33 +34 +35 +36 +37 +38 +39 +40 +41 +42 -109 -69 -105 +73 +63 -90 -75 +61 +92 -100 +115 +106 +96 -64 +80 -121 -102 +55 +54 -114 -104 -56 -53 +82 -110 -88 -84 +116 +45 -81 +72 -52 -57 -77 +86 -95 +49 +112 +51 +87 -46 +58 -59 -83 +62 +66 +97 +76 +67 -122 +85 -113 -118 -71 -111 +101 -74 +70 -99 +103 -65 -93 +89 -120 -60 +94 -43 +108 +117 +79 +98 +107 -48 +119 +78 +91 -50 -44 +68 +47)
(+1 +2 +3 +4 +5 +6 +7 +8 +9 +10 +11 +12 +13 +14 +15 +16 +17 +18 +19 +20 +21 +22 +23 +24 +25 +26 +27 +28 +29 +30 +31 +32 +33 +34 +35 +36 +37 +38 +39 +40 +41 +42 +43 -94 +60 +120 -89 +93 +65 -103 +99 -70 +74 -101 +111 +71 +118 +113 -85 +122 -67 -76 -97 -66 -62 +83 +59 -58 +46 -87 -51 -112 -49 +95 -86 +77 +57 +52 -72 +81 -45 -116 +84 +88 +110 -82 +53 +56 +104 +114 -54 -55 +102 +121 -80 +64 -96 -106 -115 +100 -92 -61 +75 +90 -63 -73 +105 +69 +109 +108 +117 +79 +98 +107 -48 +119 +78 +91 -50 -44 +68 +47)
(+1 +2 +3 +4 +5 +6 +7 +8 +9 +10 +11 +12 +13 +14 +15 +16 +17 +18 +19 +20 +21 +22 +23 +24 +25 +26 +27 +28 +29 +30 +31 +32 +33 +34 +35 +36 +37 +38 +39 +40 +41 +42 +43 +44 +50 -91 -78 -119 +48 -107 -98 -79 -117 -108 -109 -69 -105 +73 +63 -90 -75 +61 +92 -100 +115 +106 +96 -64 +80 -121 -102 +55 +54 -114 -104 -56 -53 +82 -110 -88 -84 +116 +45 -81 +72 -52 -57 -77 +86 -95 +49 +112 +51 +87 -46 +58 -59 -83 +62 +66 +97 +76 +67 -122 +85 -113 -118 -71 -111 +101 -74 +70 -99 +103 -65 -93 +89 -120 -60 +94 +68 +47)
(+1 +2 +3 +4 +5 +6 +7 +8 +9 +10 +11 +12 +13 +14 +15 +16 +17 +18 +19 +20 +21 +22 +23 +24 +25 +26 +27 +28 +29 +30 +31 +32 +33 +34 +35 +36 +37 +38 +39 +40 +41 +42 +43 +44 -45 -116 +84 +88 +110 -82 +53 +56 +104 +114 -54 -55 +102 +121 -80 +64 -96 -106 -115 +100 -92 -61 +75 +90 -63 -73 +105 +69 +109 +108 +117 +79 +98 +107 -48 +119 +78 +91 -50 -81 +72 -52 -57 -77 +86 -95 +49 +112 +51 +87 -46 +58 -59 -83 +62 +66 +97 +76 +67 -122 +85 -113 -118 -71 -111 +101 -74 +70 -99 +103 -65 -93 +89 -120 -60 +94 +68 +47)
(+1 +2 +3 +4 +5 +6 +7 +8 +9 +10 +11 +12 +13 +14 +15 +16 +17 +18 +19 +20 +21 +22 +23 +24 +25 +26 +27 +28 +29 +30 +31 +32 +33 +34 +35 +36 +37 +38 +39 +40 +41 +42 +43 +44 +45 -116 +84 +88 +110 -82 +53 +56 +104 +114 -54 -55 +102 +121 -80 +64 -96 -106 -115 +100 -92 -61 +75 +90 -63 -73 +105 +69 +109 +108 +117 +79 +98 +107 -48 +119 +78 +91 -50 -81 +72 -52 -57 -77 +86 -95 +49 +112 +51 +87 -46 +58 -59 -83 +62 +66 +97 +76 +67 -122 +85 -113 -118 -71 -111 +101 -74 +70 -99 +103 -65 -93 +89 -120 -60 +94 +68 +47)
(+1 +2 +3 +4 +5 +6 +7 +8 +9 +10 +11 +12 +13 +14 +15 +16 +17 +18 +19 +20 +21 +22 +23 +24 +25 +26 +27 +28 +29 +30 +31 +32 +33 +34 +35 +36 +37 +38 +39 +40 +41 +42 +43 +44 +45 +46 -87 -51 -112 -49 +95 -86 +77 +57 +52 -72 +81 +50 -91 -78 -119 +48 -107 -98 -79 -117 -108 -109 -69 -105 +73 +63 -90 -75 +61 +92 -100 +115 +106 +96 -64 +80 -121 -102 +55 +54 -114 -104 -56 -53 +82 -110 -88 -84 +116 +58 -59 -83 +62 +66 +97 +76 +67 -122 +85 -113 -118 -71 -111 +101 -74 +70 -99 +103 -65 -93 +89 -120 -60 +94 +68 +47)
(+1 +2 +3 +4 +5 +6 +7 +8 +9 +10 +11 +12 +13 +14 +15 +16 +17 +18 +19 +20 +21 +22 +23 +24 +25 +26 +27 +28 +29 +30 +31 +32 +33 +34 +35 +36 +37 +38 +39 +40 +41 +42 +43 +44 +45 +46 -47 -68 -94 +60 +120 -89 +93 +65 -103 +99 -70 +74 -101 +111 +71 +118 +113 -85 +122 -67 -76 -97 -66 -62 +83 +59 -58 -116 +84 +88 +110 -82 +53 +56 +104 +114 -54 -55 +102 +121 -80 +64 -96 -106 -115 +100 -92 -61 +75 +90 -63 -73 +105 +69 +109 +108 +117 +79 +98 +107 -48 +119 +78 +91 -50 -81 +72 -52 -57 -77 +86 -95 +49 +112 +51 +87)
(+1 +2 +3 +4 +5 +6 +7 +8 +9 +10 +11 +12 +13 +14 +15 +16 +17 +18 +19 +20 +21 +22 +23 +24 +25 +26 +27 +28 +29 +30 +31 +32 +33 +34 +35 +36 +37 +38 +39 +40 +41 +42 +43 +44 +45 +46 +47 -68 -94 +60 +120 -89 +93 +65 -103 +99 -70 +74 -101 +111 +71 +118 +113 -85 +122 -67 -76 -97 -66 -62 +83 +59 -58 -116 +84 +88 +110 -82 +53 +56 +104 +114 -54 -55 +102 +121 -80 +64 -96 -106 -115 +100 -92 -61 +75 +90 -63 -73 +105 +69 +109 +108 +117 +79 +98 +107 -48 +119 +78 +91 -50 -81 +72 -52 -57 -77 +86 -95 +49 +112 +51 +87)
(+1 +2 +3 +4 +5 +6 +7 +8 +9 +10 +11 +12 +13 +14 +15 +16 +17 +18 +19 +20 +21 +22 +23 +24 +25 +26 +27 +28 +29 +30 +31 +32 +33 +34 +35 +36 +37 +38 +39 +40 +41 +42 +43 +44 +45 +46 +47 +48 -107 -98 -79 -117 -108 -109 -69 -105 +73 +63 -90 -75 +61 +92 -100 +115 +106 +96 -64 +80 -121 -102 +55 +54 -114 -104 -56 -53 +82 -110 -88 -84 +116 +58 -59 -83 +62 +66 +97 +76 +67 -122 +85 -113 -118 -71 -111 +101 -74 +70 -99 +103 -65 -93 +89 -120 -60 +94 +68 +119 +78 +91 -50 -81 +72 -52 -57 -77 +86 -95 +49 +112 +51 +87)
(+1 +2 +3 +4 +5 +6 +7 +8 +9 +10 +11 +12 +13 +14 +15 +16 +17 +18 +19 +20 +21 +22 +23 +24 +25 +26 +27 +28 +29 +30 +31 +32 +33 +34 +35 +36 +37 +38 +39 +40 +41 +42 +43 +44 +45 +46 +47 +48 -49 +95 -86 +77 +57 +52 -72 +81 +50 -91 -78 -119 -68 -94 +60 +120 -89 +93 +65 -103 +99 -70 +74 -101 +111 +71 +118 +113 -85 +122 -67 -76 -97 -66 -62 +83 +59 -58 -116 +84 +88 +110 -82 +53 +56 +104 +114 -54 -55 +102 +121 -80 +64 -96 -106 -115 +100 -92 -61 +75 +90 -63 -73 +105 +69 +109 +108 +117 +79 +98 +107 +112 +51 +87)
(+1 +2 +3 +4 +5 +6 +7 +8 +9 +10 +11 +12 +13 +14 +15 +16 +17 +18 +19 +20 +21 +22 +23 +24 +25 +26 +27 +28 +29 +30 +31 +32 +33 +34 +35 +36 +37 +38 +39 +40 +41 +42 +43 +44 +45 +46 +47 +48 +49 +95 -86 +77 +57 +52 -72 +81 +50 -91 -78 -119 -68 -94 +60 +120 -89 +93 +65 -103 +99 -70 +74 -101 +111 +71 +118 +113 -85 +122 -67 -76 -97 -66 -62 +83 +59 -58 -116 +84 +88 +110 -82 +53 +56 +104 +114 -54 -55 +102 +121 -80 +64 -96 -106 -115 +100 -92 -61 +75 +90 -63 -73 +105 +69 +109 +108 +117 +79 +98 +107 +112 +51 +87)
(+1 +2 +3 +4 +5 +6 +7 +8 +9 +10 +11 +12 +13 +14 +15 +16 +17 +18 +19 +20 +21 +22 +23 +24 +25 +26 +27 +28 +29 +30 +31 +32 +33 +34 +35 +36 +37 +38 +39 +40 +41 +42 +43 +44 +45 +46 +47 +48 +49 -50 -81 +72 -52 -57 -77 +86 -95 -91 -78 -119 -68 -94 +60 +120 -89 +93 +65 -103 +99 -70 +74 -101 +111 +71 +118 +113 -85 +122 -67 -76 -97 -66 -62 +83 +59 -58 -116 +84 +88 +110 -82 +53 +56 +104 +114 -54 -55 +102 +121 -80 +64 -96 -106 -115 +100 -92 -61 +75 +90 -63 -73 +105 +69 +109 +108 +117 +79 +98 +107 +112 +51 +87)
(+1 +2 +3 +4 +5 +6 +7 +8 +9 +10 +11 +12 +13 +14 +15 +16 +17 +18 +19 +20 +21 +22 +23 +24 +25 +26 +27 +28 +29 +30 +31 +32 +33 +34 +35 +36 +37 +38 +39 +40 +41 +42 +43 +44 +45 +46 +47 +48 +49 +50 -81 +72 -52 -57 -77 +86 -95 -91 -78 -119 -68 -94 +60 +120 -89 +93 +65 -103 +99 -70 +74 -101 +111 +71 +118 +113 -85 +122 -67 -76 -97 -66 -62 +83 +59 -58 -116 +84 +88 +110 -82 +53 +56 +104 +114 -54 -55 +102 +121 -80 +64 -96 -106 -115 +100 -92 -61 +75 +90 -63 -73 +105 +69 +109 +108 +117 +79 +98 +107 +112 +51 +87)
(+1 +2 +3 +4 +5 +6 +7 +8 +9 +10 +11 +12 +13 +14 +15 +16 +17 +18 +19 +20 +21 +22 +23 +24 +25 +26 +27 +28 +29 +30 +31 +32 +33 +34 +35 +36 +37 +38 +39 +40 +41 +42 +43 +44 +45 +46 +47 +48 +49 +50 -51 -112 -107 -98 -79 -117 -108 -109 -69 -105 +73 +63 -90 -75 +61 +92 -100 +115 +106 +96 -64 +80 -121 -102 +55 +54 -114 -104 -56 -53 +82 -110 -88 -84 +116 +58 -59 -83 +62 +66 +97 +76 +67 -122 +85 -113 -118 -71 -111 +101 -74 +70 -99 +103 -65 -93 +89 -120 -60 +94 +68 +119 +78 +91 +95 -86 +77 +57 +52 -72 +81 +87)
(+1 +2 +3 +4 +5 +6 +7 +8 +9 +10 +11 +12 +13 +14 +15 +16 +17 +18 +19 +20 +21 +22 +23 +24 +25 +26 +27 +28 +29 +30 +31 +32 +33 +34 +35 +36 +37 +38 +39 +40 +41 +42 +43 +44 +45 +46 +47 +48 +49 +50 +51 -112 -107 -98 -79 -117 -108 -109 -69 -105 +73 +63 -90 -75 +61 +92 -100 +115 +106 +96 -64 +80 -121 -102 +55 +54 -114 -104 -56 -53 +82 -110 -88 -84 +116 +58 -59 -83 +62 +66 +97 +76 +67 -122 +85 -113 -118 -71 -111 +101 -74 +70 -99 +103 -65 -93 +89 -120 -60 +94 +68 +119 +78 +91 +95 -86 +77 +57 +52 -72 +81 +87)
(+1 +2 +3 +4 +5 +6 +7 +8 +9 +10 +11 +12 +13 +14 +15 +16 +17 +18 +19 +20 +21 +22 +23 +24 +25 +26 +27 +28 +29 +30 +31 +32 +33 +34 +35 +36 +37 +38 +39 +40 +41 +42 +43 +44 +45 +46 +47 +48 +49 +50 +51 -52 -57 -77 +86 -95 -91 -78 -119 -68 -94 +60 +120 -89 +93 +65 -103 +99 -70 +74 -101 +111 +71 +118 +113 -85 +122 -67 -76 -97 -66 -62 +83 +59 -58 -116 +84 +88 +110 -82 +53 +56 +104 +114 -54 -55 +102 +121 -80 +64 -96 -106 -115 +100 -92 -61 +75 +90 -63 -73 +105 +69 +109 +108 +117 +79 +98 +107 +112 -72 +81 +87)
(+1 +2 +3 +4 +5 +6 +7 +8 +9 +10 +11 +12 +13 +14 +15 +16 +17 +18 +19 +20 +21 +22 +23 +24 +25 +26 +27 +28 +29 +30 +31 +32 +33 +34 +35 +36 +37 +38 +39 +40 +41 +42 +43 +44 +45 +46 +47 +48 +49 +50 +51 +52 -57 -77 +86 -95 -91 -78 -119 -68 -94 +60 +120 -89 +93 +65 -103 +99 -70 +74 -101 +111 +71 +118 +113 -85 +122 -67 -76 -97 -66 -62 +83 +59 -58 -116 +84 +88 +110 -82 +53 +56 +104 +114 -54 -55 +102 +121 -80 +64 -96 -106 -115 +100 -92 -61 +75 +90 -63 -73 +105 +69 +109 +108 +117 +79 +98 +107 +112 -72 +81 +87)
(+1 +2 +3 +4 +5 +6 +7 +8 +9 +10 +11 +12 +13 +14 +15 +16 +17 +18 +19 +20 +21 +22 +23 +24 +25 +26 +27 +28 +29 +30 +31 +32 +33 +34 +35 +36 +37 +38 +39 +40 +41 +42 +43 +44 +45 +46 +47 +48 +49 +50 +51 +52 -53 +82 -110 -88 -84 +116 +58 -59 -83 +62 +66 +97 +76 +67 -122 +85 -113 -118 -71 -111 +101 -74 +70 -99 +103 -65 -93 +89 -120 -60 +94 +68 +119 +78 +91 +95 -86 +77 +57 +56 +104 +114 -54 -55 +102 +121 -80 +64 -96 -106 -115 +100 -92 -61 +75 +90 -63 -73 +105 +69 +109 +108 +117 +79 +98 +107 +112 -72 +81 +87)
(+1 +2 +3 +4 +5 +6 +7 +8 +9 +10 +11 +12 +13 +14 +15 +16 +17 +18 +19 +20 +21 +22 +23 +24 +25 +26 +27 +28 +29 +30 +31 +32 +33 +34 +35 +36 +37 +38 +39 +40 +41 +42 +43 +44 +45 +46 +47 +48 +49 +50 +51 +52 +53 +82 -110 -88 -84 +116 +58 -59 -83 +62 +66 +97 +76 +67 -122 +85 -113 -118 -71 -111 +101 -74 +70 -99 +103 -65 -93 +89 -120 -60 +94 +68 +119 +78 +91 +95 -86 +77 +57 +56 +104 +114 -54 -55 +102 +121 -80 +64 -96 -106 -115 +100 -92 -61 +75 +90 -63 -73 +105 +69 +109 +108 +117 +79 +98 +107 +112 -72 +81 +87)
(+1 +2 +3 +4 +5 +6 +7 +8 +9 +10 +11 +12 +13 +14 +15 +16 +17 +18 +19 +20 +21 +22 +23 +24 +25 +26 +27 +28 +29 +30 +31 +32 +33 +34 +35 +36 +37 +38 +39 +40 +41 +42 +43 +44 +45 +46 +47 +48 +49 +50 +51 +52 +53 +54 -114 -104 -56 -57 -77 +86 -95 -91 -78 -119 -68 -94 +60 +120 -89 +93 +65 -103 +99 -70 +74 -101 +111 +71 +118 +113 -85 +122 -67 -76 -97 -66 -62 +83 +59 -58 -116 +84 +88 +110 -82 -55 +102 +121 -80 +64 -96 -106 -115 +100 -92 -61 +75 +90 -63 -73 +105 +69 +109 +108 +117 +79 +98 +107 +112 -72 +81 +87)
(+1 +2 +3 +4 +5 +6 +7 +8 +9 +10 +11 +12 +13 +14 +15 +16 +17 +18 +19 +20 +21 +22 +23 +24 +25 +26 +27 +28 +29 +30 +31 +32 +33 +34 +35 +36 +37 +38 +39 +40 +41 +42 +43 +44 +45 +46 +47 +48 +49 +50 +51 +52 +53 +54 +55 +82 -110 -88 -84 +116 +58 -59 -83 +62 +66 +97 +76 +67 -122 +85 -113 -118 -71 -111 +101 -74 +70 -99 +103 -65 -93 +89 -120 -60 +94 +68 +119 +78 +91 +95 -86 +77 +57 +56 +104 +114 +102 +121 -80 +64 -96 -106 -115 +100 -92 -61 +75 +90 -63 -73 +105 +69 +109 +108 +117 +79 +98 +107 +112 -72 +81 +87)
(+1 +2 +3 +4 +5 +6 +7 +8 +9 +10 +11 +12 +13 +14 +15 +16 +17 +18 +19 +20 +21 +22 +23 +24 +25 +26 +27 +28 +29 +30 +31 +32 +33 +34 +35 +36 +37 +38 +39 +40 +41 +42 +43 +44 +45 +46 +47 +48 +49 +50 +51 +52 +53 +54 +55 -56 -57 -77 +86 -95 -91 -78 -119 -68 -94 +60 +120 -89 +93 +65 -103 +99 -70 +74 -101 +111 +71 +118 +113 -85 +122 -67 -76 -97 -66 -62 +83 +59 -58 -116 +84 +88 +110 -82 +104 +114 +102 +121 -80 +64 -96 -106 -115 +100 -92 -61 +75 +90 -63 -73 +105 +69 +109 +108 +117 +79 +98 +107 +112 -72 +81 +87)
(+1 +2 +3 +4 +5 +6 +7 +8 +9 +10 +11 +12 +13 +14 +15 +16 +17 +18 +19 +20 +21 +22 +23 +24 +25 +26 +27 +28 +29 +30 +31 +32 +33 +34 +35 +36 +37 +38 +39 +40 +41 +42 +43 +44 +45 +46 +47 +48 +49 +50 +51 +52 +53 +54 +55 +56 -57 -77 +86 -95 -91 -78 -119 -68 -94 +60 +120 -89 +93 +65 -103 +99 -70 +74 -101 +111 +71 +118 +113 -85 +122 -67 -76 -97 -66 -62 +83 +59 -58 -116 +84 +88 +110 -82 +104 +114 +102 +121 -80 +64 -96 -106 -115 +100 -92 -61 +75 +90 -63 -73 +105 +69 +109 +108 +117 +79 +98 +107 +112 -72 +81 +87)
(+1 +2 +3 +4 +5 +6 +7 +8 +9 +10 +11 +12 +13 +14 +15 +16 +17 +18 +19 +20 +21 +22 +23 +24 +25 +26 +27 +28 +29 +30 +31 +32 +33 +34 +35 +36 +37 +38 +39 +40 +41 +42 +43 +44 +45 +46 +47 +48 +49 +50 +51 +52 +53 +54 +55 +56 +57 -77 +86 -95 -91 -78 -119 -68 -94 +60 +120 -89 +93 +65 -103 +99 -70 +74 -101 +111 +71 +118 +113 -85 +122 -67 -76 -97 -66 -62 +83 +59 -58 -116 +84 +88 +110 -82 +104 +114 +102 +121 -80 +64 -96 -106 -115 +100 -92 -61 +75 +90 -63 -73 +105 +69 +109 +108 +117 +79 +98 +107 +112 -72 +81 +87)
(+1 +2 +3 +4 +5 +6 +7 +8 +9 +10 +11 +12 +13 +14 +15 +16 +17 +18 +19 +20 +21 +22 +23 +24 +25 +26 +27 +28 +29 +30 +31 +32 +33 +34 +35 +36 +37 +38 +39 +40 +41 +42 +43 +44 +45 +46 +47 +48 +49 +50 +51 +52 +53 +54 +55 +56 +57 +58 -59 -83 +62 +66 +97 +76 +67 -122 +85 -113 -118 -71 -111 +101 -74 +70 -99 +103 -65 -93 +89 -120 -60 +94 +68 +119 +78 +91 +95 -86 +77 -116 +84 +88 +110 -82 +104 +114 +102 +121 -80 +64 -96 -106 -115 +100 -92 -61 +75 +90 -63 -73 +105 +69 +109 +108 +117 +79 +98 +107 +112 -72 +81 +87)
(+1 +2 +3 +4 +5 +6 +7 +8 +9 +10 +11 +12 +13 +14 +15 +16 +17 +18 +19 +20 +21 +22 +23 +24 +25 +26 +27 +28 +29 +30 +31 +32 +33 +34 +35 +36 +37 +38 +39 +40 +41 +42 +43 +44 +45 +46 +47 +48 +49 +50 +51 +52 +53 +54 +55 +56 +57 +58 +59 -83 +62 +66 +97 +76 +67 -122 +85 -113 -118 -71 -111 +101 -74 +70 -99 +103 -65 -93 +89 -120 -60 +94 +68 +119 +78 +91 +95 -86 +77 -116 +84 +88 +110 -82 +104 +114 +102 +121 -80 +64 -96 -106 -115 +100 -92 -61 +75 +90 -63 -73 +105 +69 +109 +108 +117 +79 +98 +107 +112 -72 +81 +87)
(+1 +2 +3 +4 +5 +6 +7 +8 +9 +10 +11 +12 +13 +14 +15 +16 +17 +18 +19 +20 +21 +22 +23 +24 +25 +26 +27 +28 +29 +30 +31 +32 +33 +34 +35 +36 +37 +38 +39 +40 +41 +42 +43 +44 +45 +46 +47 +48 +49 +50 +51 +52 +53 +54 +55 +56 +57 +58 +59 +60 +120 -89 +93 +65 -103 +99 -70 +74 -101 +111 +71 +118 +113 -85 +122 -67 -76 -97 -66 -62 +83 +94 +68 +119 +78 +91 +95 -86 +77 -116 +84 +88 +110 -82 +104 +114 +102 +121 -80 +64 -96 -106 -115 +100 -92 -61 +75 +90 -63 -73 +105 +69 +109 +108 +117 +79 +98 +107 +112 -72 +81 +87)
(+1 +2 +3 +4 +5 +6 +7 +8 +9 +10 +11 +12 +13 +14 +15 +16 +17 +18 +19 +20 +21 +22 +23 +24 +25 +26 +27 +28 +29 +30 +31 +32 +33 +34 +35 +36 +37 +38 +39 +40 +41 +42 +43 +44 +45 +46 +47 +48 +49 +50 +51 +52 +53 +54 +55 +56 +57 +58 +59 +60 +61 +92 -100 +115 +106 +96 -64 +80 -121 -102 -114 -104 +82 -110 -88 -84 +116 -77 +86 -95 -91 -78 -119 -68 -94 -83 +62 +66 +97 +76 +67 -122 +85 -113 -118 -71 -111 +101 -74 +70 -99 +103 -65 -93 +89 -120 +75 +90 -63 -73 +105 +69 +109 +108 +117 +79 +98 +107 +112 -72 +81 +87)
(+1 +2 +3 +4 +5 +6 +7 +8 +9 +10 +11 +12 +13 +14 +15 +16 +17 +18 +19 +20 +21 +22 +23 +24 +25 +26 +27 +28 +29 +30 +31 +32 +33 +34 +35 +36 +37 +38 +39 +40 +41 +42 +43 +44 +45 +46 +47 +48 +49 +50 +51 +52 +53 +54 +55 +56 +57 +58 +59 +60 +61 -62 +83 +94 +68 +119 +78 +91 +95 -86 +77 -116 +84 +88 +110 -82 +104 +114 +102 +121 -80 +64 -96 -106 -115 +100 -92 +66 +97 +76 +67 -122 +85 -113 -118 -71 -111 +101 -74 +70 -99 +103 -65 -93 +89 -120 +75 +90 -63 -73 +105 +69 +109 +108 +117 +79 +98 +107 +112 -72 +81 +87)
(+1 +2 +3 +4 +5 +6 +7 +8 +9 +10 +11 +12 +13 +14 +15 +16 +17 +18 +19 +20 +21 +22 +23 +24 +25 +26 +27 +28 +29 +30 +31 +32 +33 +34 +35 +36 +37 +38 +39 +40 +41 +42 +43 +44 +45 +46 +47 +48 +49 +50 +51 +52 +53 +54 +55 +56 +57 +58 +59 +60 +61 +62 +83 +94 +68 +119 +78 +91 +95 -86 +77 -116 +84 +88 +110 -82 +104 +114 +102 +121 -80 +64 -96 -106 -115 +100 -92 +66 +97 +76 +67 -122 +85 -113 -118 -71 -111 +101 -74 +70 -99 +103 -65 -93 +89 -120 +75 +90 -63 -73 +105 +69 +109 +108 +117 +79 +98 +107 +112 -72 +81 +87)
(+1 +2 +3 +4 +5 +6 +7 +8 +9 +10 +11 +12 +13 +14 +15 +16 +17 +18 +19 +20 +21 +22 +23 +24 +25 +26 +27 +28 +29 +30 +31 +32 +33 +34 +35 +36 +37 +38 +39 +40 +41 +42 +43 +44 +45 +46 +47 +48 +49 +50 +51 +52 +53 +54 +55 +56 +57 +58 +59 +60 +61 +62 +63 -90 -75 +120 -89 +93 +65 -103 +99 -70 +74 -101 +111 +71 +118 +113 -85 +122 -67 -76 -97 -66 +92 -100 +115 +106 +96 -64 +80 -121 -102 -114 -104 +82 -110 -88 -84 +116 -77 +86 -95 -91 -78 -119 -68 -94 -83 -73 +105 +69 +109 +108 +117 +79 +98 +107 +112 -72 +81 +87)
(+1 +2 +3 +4 +5 +6 +7 +8 +9 +10 +11 +12 +13 +14 +15 +16 +17 +18 +19 +20 +21 +22 +23 +24 +25 +26 +27 +28 +29 +30 +31 +32 +33 +34 +35 +36 +37 +38 +39 +40 +41 +42 +43 +44 +45 +46 +47 +48 +49 +50 +51 +52 +53 +54 +55 +56 +57 +58 +59 +60 +61 +62 +63 +64 -96 -106 -115 +100 -92 +66 +97 +76 +67 -122 +85 -113 -118 -71 -111 +101 -74 +70 -99 +103 -65 -93 +89 -120 +75 +90 +80 -121 -102 -114 -104 +82 -110 -88 -84 +116 -77 +86 -95 -91 -78 -119 -68 -94 -83 -73 +105 +69 +109 +108 +117 +79 +98 +107 +112 -72 +81 +87)
(+1 +2 +3 +4 +5 +6 +7 +8 +9 +10 +11 +12 +13 +14 +15 +16 +17 +18 +19 +20 +21 +22 +23 +24 +25 +26 +27 +28 +29 +30 +31 +32 +33 +34 +35 +36 +37 +38 +39 +40 +41 +42 +43 +44 +45 +46 +47 +48 +49 +50 +51 +52 +53 +54 +55 +56 +57 +58 +59 +60 +61 +62 +63 +64 +65 -103 +99 -70 +74 -101 +111 +71 +118 +113 -85 +122 -67 -76 -97 -66 +92 -100 +115 +106 +96 -93 +89 -120 +75 +90 +80 -121 -102 -114 -104 +82 -110 -88 -84 +116 -77 +86 -95 -91 -78 -119 -68 -94 -83 -73 +105 +69 +109 +108 +117 +79 +98 +107 +112 -72 +81 +87)
(+1 +2 +3 +4 +5 +6 +7 +8 +9 +10 +11 +12 +13 +14 +15 +16 +17 +18 +19 +20 +21 +22 +23 +24 +25 +26 +27 +28 +29 +30 +31 +32 +33 +34 +35 +36 +37 +38 +39 +40 +41 +42 +43 +44 +45 +46 +47 +48 +49 +50 +51 +52 +53 +54 +55 +56 +57 +58 +59 +60 +61 +62 +63 +64 +65 +66 +97 +76 +67 -122 +85 -113 -118 -71 -111 +101 -74 +70 -99 +103 +92 -100 +115 +106 +96 -93 +89 -120 +75 +90 +80 -121 -102 -114 -104 +82 -110 -88 -84 +116 -77 +86 -95 -91 -78 -119 -68 -94 -83 -73 +105 +69 +109 +108 +117 +79 +98 +107 +112 -72 +81 +87)
(+1 +2 +3 +4 +5 +6 +7 +8 +9 +10 +11 +12 +13 +14 +15 +16 +17 +18 +19 +20 +21 +22 +23 +24 +25 +26 +27 +28 +29 +30 +31 +32 +33 +34 +35 +36 +37 +38 +39 +40 +41 +42 +43 +44 +45 +46 +47 +48 +49 +50 +51 +52 +53 +54 +55 +56 +57 +58 +59 +60 +61 +62 +63 +64 +65 +66 -67 -76 -97 -122 +85 -113 -118 -71 -111 +101 -74 +70 -99 +103 +92 -100 +115 +106 +96 -93 +89 -120 +75 +90 +80 -121 -102 -114 -104 +82 -110 -88 -84 +116 -77 +86 -95 -91 -78 -119 -68 -94 -83 -73 +105 +69 +109 +108 +117 +79 +98 +107 +112 -72 +81 +87)
(+1 +2 +3 +4 +5 +6 +7 +8 +9 +10 +11 +12 +13 +14 +15 +16 +17 +18 +19 +20 +21 +22 +23 +24 +25 +26 +27 +28 +29 +30 +31 +32 +33 +34 +35 +36 +37 +38 +39 +40 +41 +42 +43 +44 +45 +46 +47 +48 +49 +50 +51 +52 +53 +54 +55 +56 +57 +58 +59 +60 +61 +62 +63 +64 +65 +66 +67 -76 -97 -122 +85 -113 -118 -71 -111 +101 -74 +70 -99 +103 +92 -100 +115 +106 +96 -93 +89 -120 +75 +90 +80 -121 -102 -114 -104 +82 -110 -88 -84 +116 -77 +86 -95 -91 -78 -119 -68 -94 -83 -73 +105 +69 +109 +108 +117 +79 +98 +107 +112 -72 +81 +87)
(+1 +2 +3 +4 +5 +6 +7 +8 +9 +10 +11 +12 +13 +14 +15 +16 +17 +18 +19 +20 +21 +22 +23 +24 +25 +26 +27 +28 +29 +30 +31 +32 +33 +34 +35 +36 +37 +38 +39 +40 +41 +42 +43 +44 +45 +46 +47 +48 +49 +50 +51 +52 +53 +54 +55 +56 +57 +58 +59 +60 +61 +62 +63 +64 +65 +66 +67 +68 +119 +78 +91 +95 -86 +77 -116 +84 +88 +110 -82 +104 +114 +102 +121 -80 -90 -75 +120 -89 +93 -96 -106 -115 +100 -92 -103 +99 -70 +74 -101 +111 +71 +118 +113 -85 +122 +97 +76 -94 -83 -73 +105 +69 +109 +108 +117 +79 +98 +107 +112 -72 +81 +87)
(+1 +2 +3 +4 +5 +6 +7 +8 +9 +10 +11 +12 +13 +14 +15 +16 +17 +18 +19 +20 +21 +22 +23 +24 +25 +26 +27 +28 +29 +30 +31 +32 +33 +34 +35 +36 +37 +38 +39 +40 +41 +42 +43 +44 +45 +46 +47 +48 +49 +50 +51 +52 +53 +54 +55 +56 +57 +58 +59 +60 +61 +62 +63 +64 +65 +66 +67 +68 -69 -105 +73 +83 +94 -76 -97 -122 +85 -113 -118 -71 -111 +101 -74 +70 -99 +103 +92 -100 +115 +106 +96 -93 +89 -120 +75 +90 +80 -121 -102 -114 -104 +82 -110 -88 -84 +116 -77 +86 -95 -91 -78 -119 +109 +108 +117 +79 +98 +107 +112 -72 +81 +87)
(+1 +2 +3 +4 +5 +6 +7 +8 +9 +10 +11 +12 +13 +14 +15 +16 +17 +18 +19 +20 +21 +22 +23 +24 +25 +26 +27 +28 +29 +30 +31 +32 +33 +34 +35 +36 +37 +38 +39 +40 +41 +42 +43 +44 +45 +46 +47 +48 +49 +50 +51 +52 +53 +54 +55 +56 +57 +58 +59 +60 +61 +62 +63 +64 +65 +66 +67 +68 +69 -105 +73 +83 +94 -76 -97 -122 +85 -113 -118 -71 -111 +101 -74 +70 -99 +103 +92 -100 +115 +106 +96 -93 +89 -120 +75 +90 +80 -121 -102 -114 -104 +82 -110 -88 -84 +116 -77 +86 -95 -91 -78 -119 +109 +108 +117 +79 +98 +107 +112 -72 +81 +87)
(+1 +2 +3 +4 +5 +6 +7 +8 +9 +10 +11 +12 +13 +14 +15 +16 +17 +18 +19 +20 +21 +22 +23 +24 +25 +26 +27 +28 +29 +30 +31 +32 +33 +34 +35 +36 +37 +38 +39 +40 +41 +42 +43 +44 +45 +46 +47 +48 +49 +50 +51 +52 +53 +54 +55 +56 +57 +58 +59 +60 +61 +62 +63 +64 +65 +66 +67 +68 +69 -70 +74 -101 +111 +71 +118 +113 -85 +122 +97 +76 -94 -83 -73 +105 -99 +103 +92 -100 +115 +106 +96 -93 +89 -120 +75 +90 +80 -121 -102 -114 -104 +82 -110 -88 -84 +116 -77 +86 -95 -91 -78 -119 +109 +108 +117 +79 +98 +107 +112 -72 +81 +87)
(+1 +2 +3 +4 +5 +6 +7 +8 +9 +10 +11 +12 +13 +14 +15 +16 +17 +18 +19 +20 +21 +22 +23 +24 +25 +26 +27 +28 +29 +30 +31 +32 +33 +34 +35 +36 +37 +38 +39 +40 +41 +42 +43 +44 +45 +46 +47 +48 +49 +50 +51 +52 +53 +54 +55 +56 +57 +58 +59 +60 +61 +62 +63 +64 +65 +66 +67 +68 +69 +70 +74 -101 +111 +71 +118 +113 -85 +122 +97 +76 -94 -83 -73 +105 -99 +103 +92 -100 +115 +106 +96 -93 +89 -120 +75 +90 +80 -121 -102 -114 -104 +82 -110 -88 -84 +116 -77 +86 -95 -91 -78 -119 +109 +108 +117 +79 +98 +107 +112 -72 +81 +87)
(+1 +2 +3 +4 +5 +6 +7 +8 +9 +10 +11 +12 +13 +14 +15 +16 +17 +18 +19 +20 +21 +22 +23 +24 +25 +26 +27 +28 +29 +30 +31 +32 +33 +34 +35 +36 +37 +38 +39 +40 +41 +42 +43 +44 +45 +46 +47 +48 +49 +50 +51 +52 +53 +54 +55 +56 +57 +58 +59 +60 +61 +62 +63 +64 +65 +66 +67 +68 +69 +70 -71 -111 +101 -74 +118 +113 -85 +122 +97 +76 -94 -83 -73 +105 -99 +103 +92 -100 +115 +106 +96 -93 +89 -120 +75 +90 +80 -121 -102 -114 -104 +82 -110 -88 -84 +116 -77 +86 -95 -91 -78 -119 +109 +108 +117 +79 +98 +107 +112 -72 +81 +87)
(+1 +2 +3 +4 +5 +6 +7 +8 +9 +10 +11 +12 +13 +14 +15 +16 +17 +18 +19 +20 +21 +22 +23 +24 +25 +26 +27 +28 +29 +30 +31 +32 +33 +34 +35 +36 +37 +38 +39 +40 +41 +42 +43 +44 +45 +46 +47 +48 +49 +50 +51 +52 +53 +54 +55 +56 +57 +58 +59 +60 +61 +62 +63 +64 +65 +66 +67 +68 +69 +70 +71 -111 +101 -74 +118 +113 -85 +122 +97 +76 -94 -83 -73 +105 -99 +103 +92 -100 +115 +106 +96 -93 +89 -120 +75 +90 +80 -121 -102 -114 -104 +82 -110 -88 -84 +116 -77 +86 -95 -91 -78 -119 +109 +108 +117 +79 +98 +107 +112 -72 +81 +87)
(+1 +2 +3 +4 +5 +6 +7 +8 +9 +10 +11 +12 +13 +14 +15 +16 +17 +18 +19 +20 +21 +22 +23 +24 +25 +26 +27 +28 +29 +30 +31 +32 +33 +34 +35 +36 +37 +38 +39 +40 +41 +42 +43 +44 +45 +46 +47 +48 +49 +50 +51 +52 +53 +54 +55 +56 +57 +58 +59 +60 +61 +62 +63 +64 +65 +66 +67 +68 +69 +70 +71 +72 -112 -107 -98 -79 -117 -108 -109 +119 +78 +91 +95 -86 +77 -116 +84 +88 +110 -82 +104 +114 +102 +121 -80 -90 -75 +120 -89 +93 -96 -106 -115 +100 -92 -103 +99 -105 +73 +83 +94 -76 -97 -122 +85 -113 -118 +74 -101 +111 +81 +87)
(+1 +2 +3 +4 +5 +6 +7 +8 +9 +10 +11 +12 +13 +14 +15 +16 +17 +18 +19 +20 +21 +22 +23 +24 +25 +26 +27 +28 +29 +30 +31 +32 +33 +34 +35 +36 +37 +38 +39 +40 +41 +42 +43 +44 +45 +46 +47 +48 +49 +50 +51 +52 +53 +54 +55 +56 +57 +58 +59 +60 +61 +62 +63 +64 +65 +66 +67 +68 +69 +70 +71 +72 -73 +105 -99 +103 +92 -100 +115 +106 +96 -93 +89 -120 +75 +90 +80 -121 -102 -114 -104 +82 -110 -88 -84 +116 -77 +86 -95 -91 -78 -119 +109 +108 +117 +79 +98 +107 +112 +83 +94 -76 -97 -122 +85 -113 -118 +74 -101 +111 +81 +87)
(+1 +2 +3 +4 +5 +6 +7 +8 +9 +10 +11 +12 +13 +14 +15 +16 +17 +18 +19 +20 +21 +22 +23 +24 +25 +26 +27 +28 +29 +30 +31 +32 +33 +34 +35 +36 +37 +38 +39 +40 +41 +42 +43 +44 +45 +46 +47 +48 +49 +50 +51 +52 +53 +54 +55 +56 +57 +58 +59 +60 +61 +62 +63 +64 +65 +66 +67 +68 +69 +70 +71 +72 +73 +105 -99 +103 +92 -100 +115 +106 +96 -93 +89 -120 +75 +90 +80 -121 -102 -114 -104 +82 -110 -88 -84 +116 -77 +86 -95 -91 -78 -119 +109 +108 +117 +79 +98 +107 +112 +83 +94 -76 -97 -122 +85 -113 -118 +74 -101 +111 +81 +87)
(+1 +2 +3 +4 +5 +6 +7 +8 +9 +10 +11 +12 +13 +14 +15 +16 +17 +18 +19 +20 +21 +22 +23 +24 +25 +26 +27 +28 +29 +30 +31 +32 +33 +34 +35 +36 +37 +38 +39 +40 +41 +42 +43 +44 +45 +46 +47 +48 +49 +50 +51 +52 +53 +54 +55 +56 +57 +58 +59 +60 +61 +62 +63 +64 +65 +66 +67 +68 +69 +70 +71 +72 +73 -74 +118 +113 -85 +122 +97 +76 -94 -83 -112 -107 -98 -79 -117 -108 -109 +119 +78 +91 +95 -86 +77 -116 +84 +88 +110 -82 +104 +114 +102 +121 -80 -90 -75 +120 -89 +93 -96 -106 -115 +100 -92 -103 +99 -105 -101 +111 +81 +87)
(+1 +2 +3 +4 +5 +6 +7 +8 +9 +10 +11 +12 +13 +14 +15 +16 +17 +18 +19 +20 +21 +22 +23 +24 +25 +26 +27 +28 +29 +30 +31 +32 +33 +34 +35 +36 +37 +38 +39 +40 +41 +42 +43 +44 +45 +46 +47 +48 +49 +50 +51 +52 +53 +54 +55 +56 +57 +58 +59 +60 +61 +62 +63 +64 +65 +66 +67 +68 +69 +70 +71 +72 +73 +74 +118 +113 -85 +122 +97 +76 -94 -83 -112 -107 -98 -79 -117 -108 -109 +119 +78 +91 +95 -86 +77 -116 +84 +88 +110 -82 +104 +114 +102 +121 -80 -90 -75 +120 -89 +93 -96 -106 -115 +100 -92 -103 +99 -105 -101 +111 +81 +87)
(+1 +2 +3 +4 +5 +6 +7 +8 +9 +10 +11 +12 +13 +14 +15 +16 +17 +18 +19 +20 +21 +22 +23 +24 +25 +26 +27 +28 +29 +30 +31 +32 +33 +34 +35 +36 +37 +38 +39 +40 +41 +42 +43 +44 +45 +46 +47 +48 +49 +50 +51 +52 +53 +54 +55 +56 +57 +58 +59 +60 +61 +62 +63 +64 +65 +66 +67 +68 +69 +70 +71 +72 +73 +74 +75 +90 +80 -121 -102 -114 -104 +82 -110 -88 -84 +116 -77 +86 -95 -91 -78 -119 +109 +108 +117 +79 +98 +107 +112 +83 +94 -76 -97 -122 +85 -113 -118 +120 -89 +93 -96 -106 -115 +100 -92 -103 +99 -105 -101 +111 +81 +87)
(+1 +2 +3 +4 +5 +6 +7 +8 +9 +10 +11 +12 +13 +14 +15 +16 +17 +18 +19 +20 +21 +22 +23 +24 +25 +26 +27 +28 +29 +30 +31 +32 +33 +34 +35 +36 +37 +38 +39 +40 +41 +42 +43 +44 +45 +46 +47 +48 +49 +50 +51 +52 +53 +54 +55 +56 +57 +58 +59 +60 +61 +62 +63 +64 +65 +66 +67 +68 +69 +70 +71 +72 +73 +74 +75 +76 -94 -83 -112 -107 -98 -79 -117 -108 -109 +119 +78 +91 +95 -86 +77 -116 +84 +88 +110 -82 +104 +114 +102 +121 -80 -90 -97 -122 +85 -113 -118 +120 -89 +93 -96 -106 -115 +100 -92 -103 +99 -105 -101 +111 +81 +87)
(+1 +2 +3 +4 +5 +6 +7 +8 +9 +10 +11 +12 +13 +14 +15 +16 +17 +18 +19 +20 +21 +22 +23 +24 +25 +26 +27 +28 +29 +30 +31 +32 +33 +34 +35 +36 +37 +38 +39 +40 +41 +42 +43 +44 +45 +46 +47 +48 +49 +50 +51 +52 +53 +54 +55 +56 +57 +58 +59 +60 +61 +62 +63 +64 +65 +66 +67 +68 +69 +70 +71 +72 +73 +74 +75 +76 -77 +86 -95 -91 -78 -119 +109 +108 +117 +79 +98 +107 +112 +83 +94 -116 +84 +88 +110 -82 +104 +114 +102 +121 -80 -90 -97 -122 +85 -113 -118 +120 -89 +93 -96 -106 -115 +100 -92 -103 +99 -105 -101 +111 +81 +87)
(+1 +2 +3 +4 +5 +6 +7 +8 +9 +10 +11 +12 +13 +14 +15 +16 +17 +18 +19 +20 +21 +22 +23 +24 +25 +26 +27 +28 +29 +30 +31 +32 +33 +34 +35 +36 +37 +38 +39 +40 +41 +42 +43 +44 +45 +46 +47 +48 +49 +50 +51 +52 +53 +54 +55 +56 +57 +58 +59 +60 +61 +62 +63 +64 +65 +66 +67 +68 +69 +70 +71 +72 +73 +74 +75 +76 +77 +86 -95 -91 -78 -119 +109 +108 +117 +79 +98 +107 +112 +83 +94 -116 +84 +88 +110 -82 +104 +114 +102 +121 -80 -90 -97 -122 +85 -113 -118 +120 -89 +93 -96 -106 -115 +100 -92 -103 +99 -105 -101 +111 +81 +87)
(+1 +2 +3 +4 +5 +6 +7 +8 +9 +10 +11 +12 +13 +14 +15 +16 +17 +18 +19 +20 +21 +22 +23 +24 +25 +26 +27 +28 +29 +30 +31 +32 +33 +34 +35 +36 +37 +38 +39 +40 +41 +42 +43 +44 +45 +46 +47 +48 +49 +50 +51 +52 +53 +54 +55 +56 +57 +58 +59 +60 +61 +62 +63 +64 +65 +66 +67 +68 +69 +70 +71 +72 +73 +74 +75 +76 +77 +78 +91 +95 -86 -119 +109 +108 +117 +79 +98 +107 +112 +83 +94 -116 +84 +88 +110 -82 +104 +114 +102 +121 -80 -90 -97 -122 +85 -113 -118 +120 -89 +93 -96 -106 -115 +100 -92 -103 +99 -105 -101 +111 +81 +87)
(+1 +2 +3 +4 +5 +6 +7 +8 +9 +10 +11 +12 +13 +14 +15 +16 +17 +18 +19 +20 +21 +22 +23 +24 +25 +26 +27 +28 +29 +30 +31 +32 +33 +34 +35 +36 +37 +38 +39 +40 +41 +42 +43 +44 +45 +46 +47 +48 +49 +50 +51 +52 +53 +54 +55 +56 +57 +58 +59 +60 +61 +62 +63 +64 +65 +66 +67 +68 +69 +70 +71 +72 +73 +74 +75 +76 +77 +78 -79 -117 -108 -109 +119 +86 -95 -91 +98 +107 +112 +83 +94 -116 +84 +88 +110 -82 +104 +114 +102 +121 -80 -90 -97 -122 +85 -113 -118 +120 -89 +93 -96 -106 -115 +100 -92 -103 +99 -105 -101 +111 +81 +87)
(+1 +2 +3 +4 +5 +6 +7 +8 +9 +10 +11 +12 +13 +14 +15 +16 +17 +18 +19 +20 +21 +22 +23 +24 +25 +26 +27 +28 +29 +30 +31 +32 +33 +34 +35 +36 +37 +38 +39 +40 +41 +42 +43 +44 +45 +46 +47 +48 +49 +50 +51 +52 +53 +54 +55 +56 +57 +58 +59 +60 +61 +62 +63 +64 +65 +66 +67 +68 +69 +70 +71 +72 +73 +74 +75 +76 +77 +78 +79 -117 -108 -109 +119 +86 -95 -91 +98 +107 +112 +83 +94 -116 +84 +88 +110 -82 +104 +114 +102 +121 -80 -90 -97 -122 +85 -113 -118 +120 -89 +93 -96 -106 -115 +100 -92 -103 +99 -105 -101 +111 +81 +87)
(+1 +2 +3 +4 +5 +6 +7 +8 +9 +10 +11 +12 +13 +14 +15 +16 +17 +18 +19 +20 +21 +22 +23 +24 +25 +26 +27 +28 +29 +30 +31 +32 +33 +34 +35 +36 +37 +38 +39 +40 +41 +42 +43 +44 +45 +46 +47 +48 +49 +50 +51 +52 +53 +54 +55 +56 +57 +58 +59 +60 +61 +62 +63 +64 +65 +66 +67 +68 +69 +70 +71 +72 +73 +74 +75 +76 +77 +78 +79 +80 -121 -102 -114 -104 +82 -110 -88 -84 +116 -94 -83 -112 -107 -98 +91 +95 -86 -119 +109 +108 +117 -90 -97 -122 +85 -113 -118 +120 -89 +93 -96 -106 -115 +100 -92 -103 +99 -105 -101 +111 +81 +87)
(+1 +2 +3 +4 +5 +6 +7 +8 +9 +10 +11 +12 +13 +14 +15 +16 +17 +18 +19 +20 +21 +22 +23 +24 +25 +26 +27 +28 +29 +30 +31 +32 +33 +34 +35 +36 +37 +38 +39 +40 +41 +42 +43 +44 +45 +46 +47 +48 +49 +50 +51 +52 +53 +54 +55 +56 +57 +58 +59 +60 +61 +62 +63 +64 +65 +66 +67 +68 +69 +70 +71 +72 +73 +74 +75 +76 +77 +78 +79 +80 -81 -111 +101 +105 -99 +103 +92 -100 +115 +106 +96 -93 +89 -120 +118 +113 -85 +122 +97 +90 -117 -108 -109 +119 +86 -95 -91 +98 +107 +112 +83 +94 -116 +84 +88 +110 -82 +104 +114 +102 +121 +87)
(+1 +2 +3 +4 +5 +6 +7 +8 +9 +10 +11 +12 +13 +14 +15 +16 +17 +18 +19 +20 +21 +22 +23 +24 +25 +26 +27 +28 +29 +30 +31 +32 +33 +34 +35 +36 +37 +38 +39 +40 +41 +42 +43 +44 +45 +46 +47 +48 +49 +50 +51 +52 +53 +54 +55 +56 +57 +58 +59 +60 +61 +62 +63 +64 +65 +66 +67 +68 +69 +70 +71 +72 +73 +74 +75 +76 +77 +78 +79 +80 +81 -111 +101 +105 -99 +103 +92 -100 +115 +106 +96 -93 +89 -120 +118 +113 -85 +122 +97 +90 -117 -108 -109 +119 +86 -95 -91 +98 +107 +112 +83 +94 -116 +84 +88 +110 -82 +104 +114 +102 +121 +87)
(+1 +2 +3 +4 +5 +6 +7 +8 +9 +10 +11 +12 +13 +14 +15 +16 +17 +18 +19 +20 +21 +22 +23 +24 +25 +26 +27 +28 +29 +30 +31 +32 +33 +34 +35 +36 +37 +38 +39 +40 +41 +42 +43 +44 +45 +46 +47 +48 +49 +50 +51 +52 +53 +54 +55 +56 +57 +58 +59 +60 +61 +62 +63 +64 +65 +66 +67 +68 +69 +70 +71 +72 +73 +74 +75 +76 +77 +78 +79 +80 +81 +82 -110 -88 -84 +116 -94 -83 -112 -107 -98 +91 +95 -86 -119 +109 +108 +117 -90 -97 -122 +85 -113 -118 +120 -89 +93 -96 -106 -115 +100 -92 -103 +99 -105 -101 +111 +104 +114 +102 +121 +87)
(+1 +2 +3 +4 +5 +6 +7 +8 +9 +10 +11 +12 +13 +14 +15 +16 +17 +18 +19 +20 +21 +22 +23 +24 +25 +26 +27 +28 +29 +30 +31 +32 +33 +34 +35 +36 +37 +38 +39 +40 +41 +42 +43 +44 +45 +46 +47 +48 +49 +50 +51 +52 +53 +54 +55 +56 +57 +58 +59 +60 +61 +62 +63 +64 +65 +66 +67 +68 +69 +70 +71 +72 +73 +74 +75 +76 +77 +78 +79 +80 +81 +82 +83 +94 -116 +84 +88 +110 -112 -107 -98 +91 +95 -86 -119 +109 +108 +117 -90 -97 -122 +85 -113 -118 +120 -89 +93 -96 -106 -115 +100 -92 -103 +99 -105 -101 +111 +104 +114 +102 +121 +87)
(+1 +2 +3 +4 +5 +6 +7 +8 +9 +10 +11 +12 +13 +14 +15 +16 +17 +18 +19 +20 +21 +22 +23 +24 +25 +26 +27 +28 +29 +30 +31 +32 +33 +34 +35 +36 +37 +38 +39 +40 +41 +42 +43 +44 +45 +46 +47 +48 +49 +50 +51 +52 +53 +54 +55 +56 +57 +58 +59 +60 +61 +62 +63 +64 +65 +66 +67 +68 +69 +70 +71 +72 +73 +74 +75 +76 +77 +78 +79 +80 +81 +82 +83 -84 +116 -94 +88 +110 -112 -107 -98 +91 +95 -86 -119 +109 +108 +117 -90 -97 -122 +85 -113 -118 +120 -89 +93 -96 -106 -115 +100 -92 -103 +99 -105 -101 +111 +104 +114 +102 +121 +87)
(+1 +2 +3 +4 +5 +6 +7 +8 +9 +10 +11 +12 +13 +14 +15 +16 +17 +18 +19 +20 +21 +22 +23 +24 +25 +26 +27 +28 +29 +30 +31 +32 +33 +34 +35 +36 +37 +38 +39 +40 +41 +42 +43 +44 +45 +46 +47 +48 +49 +50 +51 +52 +53 +54 +55 +56 +57 +58 +59 +60 +61 +62 +63 +64 +65 +66 +67 +68 +69 +70 +71 +72 +73 +74 +75 +76 +77 +78 +79 +80 +81 +82 +83 +84 +116 -94 +88 +110 -112 -107 -98 +91 +95 -86 -119 +109 +108 +117 -90 -97 -122 +85 -113 -118 +120 -89 +93 -96 -106 -115 +100 -92 -103 +99 -105 -101 +111 +104 +114 +102 +121 +87)
(+1 +2 +3 +4 +5 +6 +7 +8 +9 +10 +11 +12 +13 +14 +15 +16 +17 +18 +19 +20 +21 +22 +23 +24 +25 +26 +27 +28 +29 +30 +31 +32 +33 +34 +35 +36 +37 +38 +39 +40 +41 +42 +43 +44 +45 +46 +47 +48 +49 +50 +51 +52 +53 +54 +55 +56 +57 +58 +59 +60 +61 +62 +63 +64 +65 +66 +67 +68 +69 +70 +71 +72 +73 +74 +75 +76 +77 +78 +79 +80 +81 +82 +83 +84 -85 +122 +97 +90 -117 -108 -109 +119 +86 -95 -91 +98 +107 +112 -110 -88 +94 -116 -113 -118 +120 -89 +93 -96 -106 -115 +100 -92 -103 +99 -105 -101 +111 +104 +114 +102 +121 +87)
(+1 +2 +3 +4 +5 +6 +7 +8 +9 +10 +11 +12 +13 +14 +15 +16 +17 +18 +19 +20 +21 +22 +23 +24 +25 +26 +27 +28 +29 +30 +31 +32 +33 +34 +35 +36 +37 +38 +39 +40 +41 +42 +43 +44 +45 +46 +47 +48 +49 +50 +51 +52 +53 +54 +55 +56 +57 +58 +59 +60 +61 +62 +63 +64 +65 +66 +67 +68 +69 +70 +71 +72 +73 +74 +75 +76 +77 +78 +79 +80 +81 +82 +83 +84 +85 +122 +97 +90 -117 -108 -109 +119 +86 -95 -91 +98 +107 +112 -110 -88 +94 -116 -113 -118 +120 -89 +93 -96 -106 -115 +100 -92 -103 +99 -105 -101 +111 +104 +114 +102 +121 +87)
(+1 +2 +3 +4 +5 +6 +7 +8 +9 +10 +11 +12 +13 +14 +15 +16 +17 +18 +19 +20 +21 +22 +23 +24 +25 +26 +27 +28 +29 +30 +31 +32 +33 +34 +35 +36 +37 +38 +39 +40 +41 +42 +43 +44 +45 +46 +47 +48 +49 +50 +51 +52 +53 +54 +55 +56 +57 +58 +59 +60 +61 +62 +63 +64 +65 +66 +67 +68 +69 +70 +71 +72 +73 +74 +75 +76 +77 +78 +79 +80 +81 +82 +83 +84 +85 -86 -119 +109 +108 +117 -90 -97 -122 -95 -91 +98 +107 +112 -110 -88 +94 -116 -113 -118 +120 -89 +93 -96 -106 -115 +100 -92 -103 +99 -105 -101 +111 +104 +114 +102 +121 +87)
(+1 +2 +3 +4 +5 +6 +7 +8 +9 +10 +11 +12 +13 +14 +15 +16 +17 +18 +19 +20 +21 +22 +23 +24 +25 +26 +27 +28 +29 +30 +31 +32 +33 +34 +35 +36 +37 +38 +39 +40 +41 +42 +43 +44 +45 +46 +47 +48 +49 +50 +51 +52 +53 +54 +55 +56 +57 +58 +59 +60 +61 +62 +63 +64 +65 +66 +67 +68 +69 +70 +71 +72 +73 +74 +75 +76 +77 +78 +79 +80 +81 +82 +83 +84 +85 +86 -119 +109 +108 +117 -90 -97 -122 -95 -91 +98 +107 +112 -110 -88 +94 -116 -113 -118 +120 -89 +93 -96 -106 -115 +100 -92 -103 +99 -105 -101 +111 +104 +114 +102 +121 +87)
(+1 +2 +3 +4 +5 +6 +7 +8 +9 +10 +11 +12 +13 +14 +15 +16 +17 +18 +19 +20 +21 +22 +23 +24 +25 +26 +27 +28 +29 +30 +31 +32 +33 +34 +35 +36 +37 +38 +39 +40 +41 +42 +43 +44 +45 +46 +47 +48 +49 +50 +51 +52 +53 +54 +55 +56 +57 +58 +59 +60 +61 +62 +63 +64 +65 +66 +67 +68 +69 +70 +71 +72 +73 +74 +75 +76 +77 +78 +79 +80 +81 +82 +83 +84 +85 +86 -87 -121 -102 -114 -104 -111 +101 +105 -99 +103 +92 -100 +115 +106 +96 -93 +89 -120 +118 +113 +116 -94 +88 +110 -112 -107 -98 +91 +95 +122 +97 +90 -117 -108 -109 +119)
(+1 +2 +3 +4 +5 +6 +7 +8 +9 +10 +11 +12 +13 +14 +15 +16 +17 +18 +19 +20 +21 +22 +23 +24 +25 +26 +27 +28 +29 +30 +31 +32 +33 +34 +35 +36 +37 +38 +39 +40 +41 +42 +43 +44 +45 +46 +47 +48 +49 +50 +51 +52 +53 +54 +55 +56 +57 +58 +59 +60 +61 +62 +63 +64 +65 +66 +67 +68 +69 +70 +71 +72 +73 +74 +75 +76 +77 +78 +79 +80 +81 +82 +83 +84 +85 +86 +87 -121 -102 -114 -104 -111 +101 +105 -99 +103 +92 -100 +115 +106 +96 -93 +89 -120 +118 +113 +116 -94 +88 +110 -112 -107 -98 +91 +95 +122 +97 +90 -117 -108 -109 +119)
(+1 +2 +3 +4 +5 +6 +7 +8 +9 +10 +11 +12 +13 +14 +15 +16 +17 +18 +19 +20 +21 +22 +23 +24 +25 +26 +27 +28 +29 +30 +31 +32 +33 +34 +35 +36 +37 +38 +39 +40 +41 +42 +43 +44 +45 +46 +47 +48 +49 +50 +51 +52 +53 +54 +55 +56 +57 +58 +59 +60 +61 +62 +63 +64 +65 +66 +67 +68 +69 +70 +71 +72 +73 +74 +75 +76 +77 +78 +79 +80 +81 +82 +83 +84 +85 +86 +87 -88 +94 -116 -113 -118 +120 -89 +93 -96 -106 -115 +100 -92 -103 +99 -105 -101 +111 +104 +114 +102 +121 +110 -112 -107 -98 +91 +95 +122 +97 +90 -117 -108 -109 +119)
(+1 +2 +3 +4 +5 +6 +7 +8 +9 +10 +11 +12 +13 +14 +15 +16 +17 +18 +19 +20 +21 +22 +23 +24 +25 +26 +27 +28 +29 +30 +31 +32 +33 +34 +35 +36 +37 +38 +39 +40 +41 +42 +43 +44 +45 +46 +47 +48 +49 +50 +51 +52 +53 +54 +55 +56 +57 +58 +59 +60 +61 +62 +63 +64 +65 +66 +67 +68 +69 +70 +71 +72 +73 +74 +75 +76 +77 +78 +79 +80 +81 +82 +83 +84 +85 +86 +87 +88 +94 -116 -113 -118 +120 -89 +93 -96 -106 -115 +100 -92 -103 +99 -105 -101 +111 +104 +114 +102 +121 +110 -112 -107 -98 +91 +95 +122 +97 +90 -117 -108 -109 +119)
(+1 +2 +3 +4 +5 +6 +7 +8 +9 +10 +11 +12 +13 +14 +15 +16 +17 +18 +19 +20 +21 +22 +23 +24 +25 +26 +27 +28 +29 +30 +31 +32 +33 +34 +35 +36 +37 +38 +39 +40 +41 +42 +43 +44 +45 +46 +47 +48 +49 +50 +51 +52 +53 +54 +55 +56 +57 +58 +59 +60 +61 +62 +63 +64 +65 +66 +67 +68 +69 +70 +71 +72 +73 +74 +75 +76 +77 +78 +79 +80 +81 +82 +83 +84 +85 +86 +87 +88 +89 -120 +118 +113 +116 -94 +93 -96 -106 -115 +100 -92 -103 +99 -105 -101 +111 +104 +114 +102 +121 +110 -112 -107 -98 +91 +95 +122 +97 +90 -117 -108 -109 +119)
(+1 +2 +3 +4 +5 +6 +7 +8 +9 +10 +11 +12 +13 +14 +15 +16 +17 +18 +19 +20 +21 +22 +23 +24 +25 +26 +27 +28 +29 +30 +31 +32 +33 +34 +35 +36 +37 +38 +39 +40 +41 +42 +43 +44 +45 +46 +47 +48 +49 +50 +51 +52 +53 +54 +55 +56 +57 +58 +59 +60 +61 +62 +63 +64 +65 +66 +67 +68 +69 +70 +71 +72 +73 +74 +75 +76 +77 +78 +79 +80 +81 +82 +83 +84 +85 +86 +87 +88 +89 -90 -97 -122 -95 -91 +98 +107 +112 -110 -121 -102 -114 -104 -111 +101 +105 -99 +103 +92 -100 +115 +106 +96 -93 +94 -116 -113 -118 +120 -117 -108 -109 +119)
(+1 +2 +3 +4 +5 +6 +7 +8 +9 +10 +11 +12 +13 +14 +15 +16 +17 +18 +19 +20 +21 +22 +23 +24 +25 +26 +27 +28 +29 +30 +31 +32 +33 +34 +35 +36 +37 +38 +39 +40 +41 +42 +43 +44 +45 +46 +47 +48 +49 +50 +51 +52 +53 +54 +55 +56 +57 +58 +59 +60 +61 +62 +63 +64 +65 +66 +67 +68 +69 +70 +71 +72 +73 +74 +75 +76 +77 +78 +79 +80 +81 +82 +83 +84 +85 +86 +87 +88 +89 +90 -97 -122 -95 -91 +98 +107 +112 -110 -121 -102 -114 -104 -111 +101 +105 -99 +103 +92 -100 +115 +106 +96 -93 +94 -116 -113 -118 +120 -117 -108 -109 +119)
(+1 +2 +3 +4 +5 +6 +7 +8 +9 +10 +11 +12 +13 +14 +15 +16 +17 +18 +19 +20 +21 +22 +23 +24 +25 +26 +27 +28 +29 +30 +31 +32 +33 +34 +35 +36 +37 +38 +39 +40 +41 +42 +43 +44 +45 +46 +47 +48 +49 +50 +51 +52 +53 +54 +55 +56 +57 +58 +59 +60 +61 +62 +63 +64 +65 +66 +67 +68 +69 +70 +71 +72 +73 +74 +75 +76 +77 +78 +79 +80 +81 +82 +83 +84 +85 +86 +87 +88 +89 +90 +91 +95 +122 +97 +98 +107 +112 -110 -121 -102 -114 -104 -111 +101 +105 -99 +103 +92 -100 +115 +106 +96 -93 +94 -116 -113 -118 +120 -117 -108 -109 +119)
(+1 +2 +3 +4 +5 +6 +7 +8 +9 +10 +11 +12 +13 +14 +15 +16 +17 +18 +19 +20 +21 +22 +23 +24 +25 +26 +27 +28 +29 +30 +31 +32 +33 +34 +35 +36 +37 +38 +39 +40 +41 +42 +43 +44 +45 +46 +47 +48 +49 +50 +51 +52 +53 +54 +55 +56 +57 +58 +59 +60 +61 +62 +63 +64 +65 +66 +67 +68 +69 +70 +71 +72 +73 +74 +75 +76 +77 +78 +79 +80 +81 +82 +83 +84 +85 +86 +87 +88 +89 +90 +91 -92 -103 +99 -105 -101 +111 +104 +114 +102 +121 +110 -112 -107 -98 -97 -122 -95 -100 +115 +106 +96 -93 +94 -116 -113 -118 +120 -117 -108 -109 +119)
(+1 +2 +3 +4 +5 +6 +7 +8 +9 +10 +11 +12 +13 +14 +15 +16 +17 +18 +19 +20 +21 +22 +23 +24 +25 +26 +27 +28 +29 +30 +31 +32 +33 +34 +35 +36 +37 +38 +39 +40 +41 +42 +43 +44 +45 +46 +47 +48 +49 +50 +51 +52 +53 +54 +55 +56 +57 +58 +59 +60 +61 +62 +63 +64 +65 +66 +67 +68 +69 +70 +71 +72 +73 +74 +75 +76 +77 +78 +79 +80 +81 +82 +83 +84 +85 +86 +87 +88 +89 +90 +91 +92 -103 +99 -105 -101 +111 +104 +114 +102 +121 +110 -112 -107 -98 -97 -122 -95 -100 +115 +106 +96 -93 +94 -116 -113 -118 +120 -117 -108 -109 +119)
(+1 +2 +3 +4 +5 +6 +7 +8 +9 +10 +11 +12 +13 +14 +15 +16 +17 +18 +19 +20 +21 +22 +23 +24 +25 +26 +27 +28 +29 +30 +31 +32 +33 +34 +35 +36 +37 +38 +39 +40 +41 +42 +43 +44 +45 +46 +47 +48 +49 +50 +51 +52 +53 +54 +55 +56 +57 +58 +59 +60 +61 +62 +63 +64 +65 +66 +67 +68 +69 +70 +71 +72 +73 +74 +75 +76 +77 +78 +79 +80 +81 +82 +83 +84 +85 +86 +87 +88 +89 +90 +91 +92 +93 -96 -106 -115 +100 +95 +122 +97 +98 +107 +112 -110 -121 -102 -114 -104 -111 +101 +105 -99 +103 +94 -116 -113 -118 +120 -117 -108 -109 +119)
(+1 +2 +3 +4 +5 +6 +7 +8 +9 +10 +11 +12 +13 +14 +15 +16 +17 +18 +19 +20 +21 +22 +23 +24 +25 +26 +27 +28 +29 +30 +31 +32 +33 +34 +35 +36 +37 +38 +39 +40 +41 +42 +43 +44 +45 +46 +47 +48 +49 +50 +51 +52 +53 +54 +55 +56 +57 +58 +59 +60 +61 +62 +63 +64 +65 +66 +67 +68 +69 +70 +71 +72 +73 +74 +75 +76 +77 +78 +79 +80 +81 +82 +83 +84 +85 +86 +87 +88 +89 +90 +91 +92 +93 -94 -103 +99 -105 -101 +111 +104 +114 +102 +121 +110 -112 -107 -98 -97 -122 -95 -100 +115 +106 +96 -116 -113 -118 +120 -117 -108 -109 +119)
(+1 +2 +3 +4 +5 +6 +7 +8 +9 +10 +11 +12 +13 +14 +15 +16 +17 +18 +19 +20 +21 +22 +23 +24 +25 +26 +27 +28 +29 +30 +31 +32 +33 +34 +35 +36 +37 +38 +39 +40 +41 +42 +43 +44 +45 +46 +47 +48 +49 +50 +51 +52 +53 +54 +55 +56 +57 +58 +59 +60 +61 +62 +63 +64 +65 +66 +67 +68 +69 +70 +71 +72 +73 +74 +75 +76 +77 +78 +79 +80 +81 +82 +83 +84 +85 +86 +87 +88 +89 +90 +91 +92 +93 +94 -103 +99 -105 -101 +111 +104 +114 +102 +121 +110 -112 -107 -98 -97 -122 -95 -100 +115 +106 +96 -116 -113 -118 +120 -117 -108 -109 +119)
(+1 +2 +3 +4 +5 +6 +7 +8 +9 +10 +11 +12 +13 +14 +15 +16 +17 +18 +19 +20 +21 +22 +23 +24 +25 +26 +27 +28 +29 +30 +31 +32 +33 +34 +35 +36 +37 +38 +39 +40 +41 +42 +43 +44 +45 +46 +47 +48 +49 +50 +51 +52 +53 +54 +55 +56 +57 +58 +59 +60 +61 +62 +63 +64 +65 +66 +67 +68 +69 +70 +71 +72 +73 +74 +75 +76 +77 +78 +79 +80 +81 +82 +83 +84 +85 +86 +87 +88 +89 +90 +91 +92 +93 +94 +95 +122 +97 +98 +107 +112 -110 -121 -102 -114 -104 -111 +101 +105 -99 +103 -100 +115 +106 +96 -116 -113 -118 +120 -117 -108 -109 +119)
(+1 +2 +3 +4 +5 +6 +7 +8 +9 +10 +11 +12 +13 +14 +15 +16 +17 +18 +19 +20 +21 +22 +23 +24 +25 +26 +27 +28 +29 +30 +31 +32 +33 +34 +35 +36 +37 +38 +39 +40 +41 +42 +43 +44 +45 +46 +47 +48 +49 +50 +51 +52 +53 +54 +55 +56 +57 +58 +59 +60 +61 +62 +63 +64 +65 +66 +67 +68 +69 +70 +71 +72 +73 +74 +75 +76 +77 +78 +79 +80 +81 +82 +83 +84 +85 +86 +87 +88 +89 +90 +91 +92 +93 +94 +95 -96 -106 -115 +100 -103 +99 -105 -101 +111 +104 +114 +102 +121 +110 -112 -107 -98 -97 -122 -116 -113 -118 +120 -117 -108 -109 +119)
(+1 +2 +3 +4 +5 +6 +7 +8 +9 +10 +11 +12 +13 +14 +15 +16 +17 +18 +19 +20 +21 +22 +23 +24 +25 +26 +27 +28 +29 +30 +31 +32 +33 +34 +35 +36 +37 +38 +39 +40 +41 +42 +43 +44 +45 +46 +47 +48 +49 +50 +51 +52 +53 +54 +55 +56 +57 +58 +59 +60 +61 +62 +63 +64 +65 +66 +67 +68 +69 +70 +71 +72 +73 +74 +75 +76 +77 +78 +79 +80 +81 +82 +83 +84 +85 +86 +87 +88 +89 +90 +91 +92 +93 +94 +95 +96 -106 -115 +100 -103 +99 -105 -101 +111 +104 +114 +102 +121 +110 -112 -107 -98 -97 -122 -116 -113 -118 +120 -117 -108 -109 +119)
(+1 +2 +3 +4 +5 +6 +7 +8 +9 +10 +11 +12 +13 +14 +15 +16 +17 +18 +19 +20 +21 +22 +23 +24 +25 +26 +27 +28 +29 +30 +31 +32 +33 +34 +35 +36 +37 +38 +39 +40 +41 +42 +43 +44 +45 +46 +47 +48 +49 +50 +51 +52 +53 +54 +55 +56 +57 +58 +59 +60 +61 +62 +63 +64 +65 +66 +67 +68 +69 +70 +71 +72 +73 +74 +75 +76 +77 +78 +79 +80 +81 +82 +83 +84 +85 +86 +87 +88 +89 +90 +91 +92 +93 +94 +95 +96 +97 +98 +107 +112 -110 -121 -102 -114 -104 -111 +101 +105 -99 +103 -100 +115 +106 -122 -116 -113 -118 +120 -117 -108 -109 +119)
(+1 +2 +3 +4 +5 +6 +7 +8 +9 +10 +11 +12 +13 +14 +15 +16 +17 +18 +19 +20 +21 +22 +23 +24 +25 +26 +27 +28 +29 +30 +31 +32 +33 +34 +35 +36 +37 +38 +39 +40 +41 +42 +43 +44 +45 +46 +47 +48 +49 +50 +51 +52 +53 +54 +55 +56 +57 +58 +59 +60 +61 +62 +63 +64 +65 +66 +67 +68 +69 +70 +71 +72 +73 +74 +75 +76 +77 +78 +79 +80 +81 +82 +83 +84 +85 +86 +87 +88 +89 +90 +91 +92 +93 +94 +95 +96 +97 -98 +107 +112 -110 -121 -102 -114 -104 -111 +101 +105 -99 +103 -100 +115 +106 -122 -116 -113 -118 +120 -117 -108 -109 +119)
(+1 +2 +3 +4 +5 +6 +7 +8 +9 +10 +11 +12 +13 +14 +15 +16 +17 +18 +19 +20 +21 +22 +23 +24 +25 +26 +27 +28 +29 +30 +31 +32 +33 +34 +35 +36 +37 +38 +39 +40 +41 +42 +43 +44 +45 +46 +47 +48 +49 +50 +51 +52 +53 +54 +55 +56 +57 +58 +59 +60 +61 +62 +63 +64 +65 +66 +67 +68 +69 +70 +71 +72 +73 +74 +75 +76 +77 +78 +79 +80 +81 +82 +83 +84 +85 +86 +87 +88 +89 +90 +91 +92 +93 +94 +95 +96 +97 +98 +107 +112 -110 -121 -102 -114 -104 -111 +101 +105 -99 +103 -100 +115 +106 -122 -116 -113 -118 +120 -117 -108 -109 +119)
(+1 +2 +3 +4 +5 +6 +7 +8 +9 +10 +11 +12 +13 +14 +15 +16 +17 +18 +19 +20 +21 +22 +23 +24 +25 +26 +27 +28 +29 +30 +31 +32 +33 +34 +35 +36 +37 +38 +39 +40 +41 +42 +43 +44 +45 +46 +47 +48 +49 +50 +51 +52 +53 +54 +55 +56 +57 +58 +59 +60 +61 +62 +63 +64 +65 +66 +67 +68 +69 +70 +71 +72 +73 +74 +75 +76 +77 +78 +79 +80 +81 +82 +83 +84 +85 +86 +87 +88 +89 +90 +91 +92 +93 +94 +95 +96 +97 +98 +99 -105 -101 +111 +104 +114 +102 +121 +110 -112 -107 +103 -100 +115 +106 -122 -116 -113 -118 +120 -117 -108 -109 +119)
(+1 +2 +3 +4 +5 +6 +7 +8 +9 +10 +11 +12 +13 +14 +15 +16 +17 +18 +19 +20 +21 +22 +23 +24 +25 +26 +27 +28 +29 +30 +31 +32 +33 +34 +35 +36 +37 +38 +39 +40 +41 +42 +43 +44 +45 +46 +47 +48 +49 +50 +51 +52 +53 +54 +55 +56 +57 +58 +59 +60 +61 +62 +63 +64 +65 +66 +67 +68 +69 +70 +71 +72 +73 +74 +75 +76 +77 +78 +79 +80 +81 +82 +83 +84 +85 +86 +87 +88 +89 +90 +91 +92 +93 +94 +95 +96 +97 +98 +99 +100 -103 +107 +112 -110 -121 -102 -114 -104 -111 +101 +105 +115 +106 -122 -116 -113 -118 +120 -117 -108 -109 +119)
(+1 +2 +3 +4 +5 +6 +7 +8 +9 +10 +11 +12 +13 +14 +15 +16 +17 +18 +19 +20 +21 +22 +23 +24 +25 +26 +27 +28 +29 +30 +31 +32 +33 +34 +35 +36 +37 +38 +39 +40 +41 +42 +43 +44 +45 +46 +47 +48 +49 +50 +51 +52 +53 +54 +55 +56 +57 +58 +59 +60 +61 +62 +63 +64 +65 +66 +67 +68 +69 +70 +71 +72 +73 +74 +75 +76 +77 +78 +79 +80 +81 +82 +83 +84 +85 +86 +87 +88 +89 +90 +91 +92 +93 +94 +95 +96 +97 +98 +99 +100 -101 +111 +104 +114 +102 +121 +110 -112 -107 +103 +105 +115 +106 -122 -116 -113 -118 +120 -117 -108 -109 +119)
(+1 +2 +3 +4 +5 +6 +7 +8 +9 +10 +11 +12 +13 +14 +15 +16 +17 +18 +19 +20 +21 +22 +23 +24 +25 +26 +27 +28 +29 +30 +31 +32 +33 +34 +35 +36 +37 +38 +39 +40 +41 +42 +43 +44 +45 +46 +47 +48 +49 +50 +51 +52 +53 +54 +55 +56 +57 +58 +59 +60 +61 +62 +63 +64 +65 +66 +67 +68 +69 +70 +71 +72 +73 +74 +75 +76 +77 +78 +79 +80 +81 +82 +83 +84 +85 +86 +87 +88 +89 +90 +91 +92 +93 +94 +95 +96 +97 +98 +99 +100 +101 +111 +104 +114 +102 +121 +110 -112 -107 +103 +105 +115 +106 -122 -116 -113 -118 +120 -117 -108 -109 +119)
(+1 +2 +3 +4 +5 +6 +7 +8 +9 +10 +11 +12 +13 +14 +15 +16 +17 +18 +19 +20 +21 +22 +23 +24 +25 +26 +27 +28 +29 +30 +31 +32 +33 +34 +35 +36 +37 +38 +39 +40 +41 +42 +43 +44 +45 +46 +47 +48 +49 +50 +51 +52 +53 +54 +55 +56 +57 +58 +59 +60 +61 +62 +63 +64 +65 +66 +67 +68 +69 +70 +71 +72 +73 +74 +75 +76 +77 +78 +79 +80 +81 +82 +83 +84 +85 +86 +87 +88 +89 +90 +91 +92 +93 +94 +95 +96 +97 +98 +99 +100 +101 -102 -114 -104 -111 +121 +110 -112 -107 +103 +105 +115 +106 -122 -116 -113 -118 +120 -117 -108 -109 +119)
(+1 +2 +3 +4 +5 +6 +7 +8 +9 +10 +11 +12 +13 +14 +15 +16 +17 +18 +19 +20 +21 +22 +23 +24 +25 +26 +27 +28 +29 +30 +31 +32 +33 +34 +35 +36 +37 +38 +39 +40 +41 +42 +43 +44 +45 +46 +47 +48 +49 +50 +51 +52 +53 +54 +55 +56 +57 +58 +59 +60 +61 +62 +63 +64 +65 +66 +67 +68 +69 +70 +71 +72 +73 +74 +75 +76 +77 +78 +79 +80 +81 +82 +83 +84 +85 +86 +87 +88 +89 +90 +91 +92 +93 +94 +95 +96 +97 +98 +99 +100 +101 +102 -114 -104 -111 +121 +110 -112 -107 +103 +105 +115 +106 -122 -116 -113 -118 +120 -117 -108 -109 +119)
(+1 +2 +3 +4 +5 +6 +7 +8 +9 +10 +11 +12 +13 +14 +15 +16 +17 +18 +19 +20 +21 +22 +23 +24 +25 +26 +27 +28 +29 +30 +31 +32 +33 +34 +35 +36 +37 +38 +39 +40 +41 +42 +43 +44 +45 +46 +47 +48 +49 +50 +51 +52 +53 +54 +55 +56 +57 +58 +59 +60 +61 +62 +63 +64 +65 +66 +67 +68 +69 +70 +71 +72 +73 +74 +75 +76 +77 +78 +79 +80 +81 +82 +83 +84 +85 +86 +87 +88 +89 +90 +91 +92 +93 +94 +95 +96 +97 +98 +99 +100 +101 +102 -103 +107 +112 -110 -121 +111 +104 +114 +105 +115 +106 -122 -116 -113 -118 +120 -117 -108 -109 +119)
(+1 +2 +3 +4 +5 +6 +7 +8 +9 +10 +11 +12 +13 +14 +15 +16 +17 +18 +19 +20 +21 +22 +23 +24 +25 +26 +27 +28 +29 +30 +31 +32 +33 +34 +35 +36 +37 +38 +39 +40 +41 +42 +43 +44 +45 +46 +47 +48 +49 +50 +51 +52 +53 +54 +55 +56 +57 +58 +59 +60 +61 +62 +63 +64 +65 +66 +67 +68 +69 +70 +71 +72 +73 +74 +75 +76 +77 +78 +79 +80 +81 +82 +83 +84 +85 +86 +87 +88 +89 +90 +91 +92 +93 +94 +95 +96 +97 +98 +99 +100 +101 +102 +103 +107 +112 -110 -121 +111 +104 +114 +105 +115 +106 -122 -116 -113 -118 +120 -117 -108 -109 +119)
(+1 +2 +3 +4 +5 +6 +7 +8 +9 +10 +11 +12 +13 +14 +15 +16 +17 +18 +19 +20 +21 +22 +23 +24 +25 +26 +27 +28 +29 +30 +31 +32 +33 +34 +35 +36 +37 +38 +39 +40 +41 +42 +43 +44 +45 +46 +47 +48 +49 +50 +51 +52 +53 +54 +55 +56 +57 +58 +59 +60 +61 +62 +63 +64 +65 +66 +67 +68 +69 +70 +71 +72 +73 +74 +75 +76 +77 +78 +79 +80 +81 +82 +83 +84 +85 +86 +87 +88 +89 +90 +91 +92 +93 +94 +95 +96 +97 +98 +99 +100 +101 +102 +103 -104 -111 +121 +110 -112 -107 +114 +105 +115 +106 -122 -116 -113 -118 +120 -117 -108 -109 +119)
(+1 +2 +3 +4 +5 +6 +7 +8 +9 +10 +11 +12 +13 +14 +15 +16 +17 +18 +19 +20 +21 +22 +23 +24 +25 +26 +27 +28 +29 +30 +31 +32 +33 +34 +35 +36 +37 +38 +39 +40 +41 +42 +43 +44 +45 +46 +47 +48 +49 +50 +51 +52 +53 +54 +55 +56 +57 +58 +59 +60 +61 +62 +63 +64 +65 +66 +67 +68 +69 +70 +71 +72 +73 +74 +75 +76 +77 +78 +79 +80 +81 +82 +83 +84 +85 +86 +87 +88 +89 +90 +91 +92 +93 +94 +95 +96 +97 +98 +99 +100 +101 +102 +103 +104 -111 +121 +110 -112 -107 +114 +105 +115 +106 -122 -116 -113 -118 +120 -117 -108 -109 +119)
(+1 +2 +3 +4 +5 +6 +7 +8 +9 +10 +11 +12 +13 +14 +15 +16 +17 +18 +19 +20 +21 +22 +23 +24 +25 +26 +27 +28 +29 +30 +31 +32 +33 +34 +35 +36 +37 +38 +39 +40 +41 +42 +43 +44 +45 +46 +47 +48 +49 +50 +51 +52 +53 +54 +55 +56 +57 +58 +59 +60 +61 +62 +63 +64 +65 +66 +67 +68 +69 +70 +71 +72 +73 +74 +75 +76 +77 +78 +79 +80 +81 +82 +83 +84 +85 +86 +87 +88 +89 +90 +91 +92 +93 +94 +95 +96 +97 +98 +99 +100 +101 +102 +103 +104 -105 -114 +107 +112 -110 -121 +111 +115 +106 -122 -116 -113 -118 +120 -117 -108 -109 +119)
(+1 +2 +3 +4 +5 +6 +7 +8 +9 +10 +11 +12 +13 +14 +15 +16 +17 +18 +19 +20 +21 +22 +23 +24 +25 +26 +27 +28 +29 +30 +31 +32 +33 +34 +35 +36 +37 +38 +39 +40 +41 +42 +43 +44 +45 +46 +47 +48 +49 +50 +51 +52 +53 +54 +55 +56 +57 +58 +59 +60 +61 +62 +63 +64 +65 +66 +67 +68 +69 +70 +71 +72 +73 +74 +75 +76 +77 +78 +79 +80 +81 +82 +83 +84 +85 +86 +87 +88 +89 +90 +91 +92 +93 +94 +95 +96 +97 +98 +99 +100 +101 +102 +103 +104 +105 -114 +107 +112 -110 -121 +111 +115 +106 -122 -116 -113 -118 +120 -117 -108 -109 +119)
(+1 +2 +3 +4 +5 +6 +7 +8 +9 +10 +11 +12 +13 +14 +15 +16 +17 +18 +19 +20 +21 +22 +23 +24 +25 +26 +27 +28 +29 +30 +31 +32 +33 +34 +35 +36 +37 +38 +39 +40 +41 +42 +43 +44 +45 +46 +47 +48 +49 +50 +51 +52 +53 +54 +55 +56 +57 +58 +59 +60 +61 +62 +63 +64 +65 +66 +67 +68 +69 +70 +71 +72 +73 +74 +75 +76 +77 +78 +79 +80 +81 +82 +83 +84 +85 +86 +87 +88 +89 +90 +91 +92 +93 +94 +95 +96 +97 +98 +99 +100 +101 +102 +103 +104 +105 -106 -115 -111 +121 +110 -112 -107 +114 -122 -116 -113 -118 +120 -117 -108 -109 +119)
(+1 +2 +3 +4 +5 +6 +7 +8 +9 +10 +11 +12 +13 +14 +15 +16 +17 +18 +19 +20 +21 +22 +23 +24 +25 +26 +27 +28 +29 +30 +31 +32 +33 +34 +35 +36 +37 +38 +39 +40 +41 +42 +43 +44 +45 +46 +47 +48 +49 +50 +51 +52 +53 +54 +55 +56 +57 +58 +59 +60 +61 +62 +63 +64 +65 +66 +67 +68 +69 +70 +71 +72 +73 +74 +75 +76 +77 +78 +79 +80 +81 +82 +83 +84 +85 +86 +87 +88 +89 +90 +91 +92 +93 +94 +95 +96 +97 +98 +99 +100 +101 +102 +103 +104 +105 +106 -115 -111 +121 +110 -112 -107 +114 -122 -116 -113 -118 +120 -117 -108 -109 +119)
(+1 +2 +3 +4 +5 +6 +7 +8 +9 +10 +11 +12 +13 +14 +15 +16 +17 +18 +19 +20 +21 +22 +23 +24 +25 +26 +27 +28 +29 +30 +31 +32 +33 +34 +35 +36 +37 +38 +39 +40 +41 +42 +43 +44 +45 +46 +47 +48 +49 +50 +51 +52 +53 +54 +55 +56 +57 +58 +59 +60 +61 +62 +63 +64 +65 +66 +67 +68 +69 +70 +71 +72 +73 +74 +75 +76 +77 +78 +79 +80 +81 +82 +83 +84 +85 +86 +87 +88 +89 +90 +91 +92 +93 +94 +95 +96 +97 +98 +99 +100 +101 +102 +103 +104 +105 +106 +107 +112 -110 -121 +111 +115 +114 -122 -116 -113 -118 +120 -117 -108 -109 +119)
(+1 +2 +3 +4 +5 +6 +7 +8 +9 +10 +11 +12 +13 +14 +15 +16 +17 +18 +19 +20 +21 +22 +23 +24 +25 +26 +27 +28 +29 +30 +31 +32 +33 +34 +35 +36 +37 +38 +39 +40 +41 +42 +43 +44 +45 +46 +47 +48 +49 +50 +51 +52 +53 +54 +55 +56 +57 +58 +59 +60 +61 +62 +63 +64 +65 +66 +67 +68 +69 +70 +71 +72 +73 +74 +75 +76 +77 +78 +79 +80 +81 +82 +83 +84 +85 +86 +87 +88 +89 +90 +91 +92 +93 +94 +95 +96 +97 +98 +99 +100 +101 +102 +103 +104 +105 +106 +107 +108 +117 -120 +118 +113 +116 +122 -114 -115 -111 +121 +110 -112 -109 +119)
(+1 +2 +3 +4 +5 +6 +7 +8 +9 +10 +11 +12 +13 +14 +15 +16 +17 +18 +19 +20 +21 +22 +23 +24 +25 +26 +27 +28 +29 +30 +31 +32 +33 +34 +35 +36 +37 +38 +39 +40 +41 +42 +43 +44 +45 +46 +47 +48 +49 +50 +51 +52 +53 +54 +55 +56 +57 +58 +59 +60 +61 +62 +63 +64 +65 +66 +67 +68 +69 +70 +71 +72 +73 +74 +75 +76 +77 +78 +79 +80 +81 +82 +83 +84 +85 +86 +87 +88 +89 +90 +91 +92 +93 +94 +95 +96 +97 +98 +99 +100 +101 +102 +103 +104 +105 +106 +107 +108 +109 +112 -110 -121 +111 +115 +114 -122 -116 -113 -118 +120 -117 +119)
(+1 +2 +3 +4 +5 +6 +7 +8 +9 +10 +11 +12 +13 +14 +15 +16 +17 +18 +19 +20 +21 +22 +23 +24 +25 +26 +27 +28 +29 +30 +31 +32 +33 +34 +35 +36 +37 +38 +39 +40 +41 +42 +43 +44 +45 +46 +47 +48 +49 +50 +51 +52 +53 +54 +55 +56 +57 +58 +59 +60 +61 +62 +63 +64 +65 +66 +67 +68 +69 +70 +71 +72 +73 +74 +75 +76 +77 +78 +79 +80 +81 +82 +83 +84 +85 +86 +87 +88 +89 +90 +91 +92 +93 +94 +95 +96 +97 +98 +99 +100 +101 +102 +103 +104 +105 +106 +107 +108 +109 +110 -112 -121 +111 +115 +114 -122 -116 -113 -118 +120 -117 +119)
(+1 +2 +3 +4 +5 +6 +7 +8 +9 +10 +11 +12 +13 +14 +15 +16 +17 +18 +19 +20 +21 +22 +23 +24 +25 +26 +27 +28 +29 +30 +31 +32 +33 +34 +35 +36 +37 +38 +39 +40 +41 +42 +43 +44 +45 +46 +47 +48 +49 +50 +51 +52 +53 +54 +55 +56 +57 +58 +59 +60 +61 +62 +63 +64 +65 +66 +67 +68 +69 +70 +71 +72 +73 +74 +75 +76 +77 +78 +79 +80 +81 +82 +83 +84 +85 +86 +87 +88 +89 +90 +91 +92 +93 +94 +95 +96 +97 +98 +99 +100 +101 +102 +103 +104 +105 +106 +107 +108 +109 +110 -111 +121 +112 +115 +114 -122 -116 -113 -118 +120 -117 +119)
(+1 +2 +3 +4 +5 +6 +7 +8 +9 +10 +11 +12 +13 +14 +15 +16 +17 +18 +19 +20 +21 +22 +23 +24 +25 +26 +27 +28 +29 +30 +31 +32 +33 +34 +35 +36 +37 +38 +39 +40 +41 +42 +43 +44 +45 +46 +47 +48 +49 +50 +51 +52 +53 +54 +55 +56 +57 +58 +59 +60 +61 +62 +63 +64 +65 +66 +67 +68 +69 +70 +71 +72 +73 +74 +75 +76 +77 +78 +79 +80 +81 +82 +83 +84 +85 +86 +87 +88 +89 +90 +91 +92 +93 +94 +95 +96 +97 +98 +99 +100 +101 +102 +103 +104 +105 +106 +107 +108 +109 +110 +111 +121 +112 +115 +114 -122 -116 -113 -118 +120 -117 +119)
(+1 +2 +3 +4 +5 +6 +7 +8 +9 +10 +11 +12 +13 +14 +15 +16 +17 +18 +19 +20 +21 +22 +23 +24 +25 +26 +27 +28 +29 +30 +31 +32 +33 +34 +35 +36 +37 +38 +39 +40 +41 +42 +43 +44 +45 +46 +47 +48 +49 +50 +51 +52 +53 +54 +55 +56 +57 +58 +59 +60 +61 +62 +63 +64 +65 +66 +67 +68 +69 +70 +71 +72 +73 +74 +75 +76 +77 +78 +79 +80 +81 +82 +83 +84 +85 +86 +87 +88 +89 +90 +91 +92 +93 +94 +95 +96 +97 +98 +99 +100 +101 +102 +103 +104 +105 +106 +107 +108 +109 +110 +111 -112 -121 +115 +114 -122 -116 -113 -118 +120 -117 +119)
(+1 +2 +3 +4 +5 +6 +7 +8 +9 +10 +11 +12 +13 +14 +15 +16 +17 +18 +19 +20 +21 +22 +23 +24 +25 +26 +27 +28 +29 +30 +31 +32 +33 +34 +35 +36 +37 +38 +39 +40 +41 +42 +43 +44 +45 +46 +47 +48 +49 +50 +51 +52 +53 +54 +55 +56 +57 +58 +59 +60 +61 +62 +63 +64 +65 +66 +67 +68 +69 +70 +71 +72 +73 +74 +75 +76 +77 +78 +79 +80 +81 +82 +83 +84 +85 +86 +87 +88 +89 +90 +91 +92 +93 +94 +95 +96 +97 +98 +99 +100 +101 +102 +103 +104 +105 +106 +107 +108 +109 +110 +111 +112 -121 +115 +114 -122 -116 -113 -118 +120 -117 +119)
(+1 +2 +3 +4 +5 +6 +7 +8 +9 +10 +11 +12 +13 +14 +15 +16 +17 +18 +19 +20 +21 +22 +23 +24 +25 +26 +27 +28 +29 +30 +31 +32 +33 +34 +35 +36 +37 +38 +39 +40 +41 +42 +43 +44 +45 +46 +47 +48 +49 +50 +51 +52 +53 +54 +55 +56 +57 +58 +59 +60 +61 +62 +63 +64 +65 +66 +67 +68 +69 +70 +71 +72 +73 +74 +75 +76 +77 +78 +79 +80 +81 +82 +83 +84 +85 +86 +87 +88 +89 +90 +91 +92 +93 +94 +95 +96 +97 +98 +99 +100 +101 +102 +103 +104 +105 +106 +107 +108 +109 +110 +111 +112 +113 +116 +122 -114 -115 +121 -118 +120 -117 +119)
(+1 +2 +3 +4 +5 +6 +7 +8 +9 +10 +11 +12 +13 +14 +15 +16 +17 +18 +19 +20 +21 +22 +23 +24 +25 +26 +27 +28 +29 +30 +31 +32 +33 +34 +35 +36 +37 +38 +39 +40 +41 +42 +43 +44 +45 +46 +47 +48 +49 +50 +51 +52 +53 +54 +55 +56 +57 +58 +59 +60 +61 +62 +63 +64 +65 +66 +67 +68 +69 +70 +71 +72 +73 +74 +75 +76 +77 +78 +79 +80 +81 +82 +83 +84 +85 +86 +87 +88 +89 +90 +91 +92 +93 +94 +95 +96 +97 +98 +99 +100 +101 +102 +103 +104 +105 +106 +107 +108 +109 +110 +111 +112 +113 +114 -122 -116 -115 +121 -118 +120 -117 +119)
(+1 +2 +3 +4 +5 +6 +7 +8 +9 +10 +11 +12 +13 +14 +15 +16 +17 +18 +19 +20 +21 +22 +23 +24 +25 +26 +27 +28 +29 +30 +31 +32 +33 +34 +35 +36 +37 +38 +39 +40 +41 +42 +43 +44 +45 +46 +47 +48 +49 +50 +51 +52 +53 +54 +55 +56 +57 +58 +59 +60 +61 +62 +63 +64 +65 +66 +67 +68 +69 +70 +71 +72 +73 +74 +75 +76 +77 +78 +79 +80 +81 +82 +83 +84 +85 +86 +87 +88 +89 +90 +91 +92 +93 +94 +95 +96 +97 +98 +99 +100 +101 +102 +103 +104 +105 +106 +107 +108 +109 +110 +111 +112 +113 +114 +115 +116 +122 +121 -118 +120 -117 +119)
(+1 +2 +3 +4 +5 +6 +7 +8 +9 +10 +11 +12 +13 +14 +15 +16 +17 +18 +19 +20 +21 +22 +23 +24 +25 +26 +27 +28 +29 +30 +31 +32 +33 +34 +35 +36 +37 +38 +39 +40 +41 +42 +43 +44 +45 +46 +47 +48 +49 +50 +51 +52 +53 +54 +55 +56 +57 +58 +59 +60 +61 +62 +63 +64 +65 +66 +67 +68 +69 +70 +71 +72 +73 +74 +75 +76 +77 +78 +79 +80 +81 +82 +83 +84 +85 +86 +87 +88 +89 +90 +91 +92 +93 +94 +95 +96 +97 +98 +99 +100 +101 +102 +103 +104 +105 +106 +107 +108 +109 +110 +111 +112 +113 +114 +115 -116 +122 +121 -118 +120 -117 +119)
(+1 +2 +3 +4 +5 +6 +7 +8 +9 +10 +11 +12 +13 +14 +15 +16 +17 +18 +19 +20 +21 +22 +23 +24 +25 +26 +27 +28 +29 +30 +31 +32 +33 +34 +35 +36 +37 +38 +39 +40 +41 +42 +43 +44 +45 +46 +47 +48 +49 +50 +51 +52 +53 +54 +55 +56 +57 +58 +59 +60 +61 +62 +63 +64 +65 +66 +67 +68 +69 +70 +71 +72 +73 +74 +75 +76 +77 +78 +79 +80 +81 +82 +83 +84 +85 +86 +87 +88 +89 +90 +91 +92 +93 +94 +95 +96 +97 +98 +99 +100 +101 +102 +103 +104 +105 +106 +107 +108 +109 +110 +111 +112 +113 +114 +115 +116 +122 +121 -118 +120 -117 +119)
(+1 +2 +3 +4 +5 +6 +7 +8 +9 +10 +11 +12 +13 +14 +15 +16 +17 +18 +19 +20 +21 +22 +23 +24 +25 +26 +27 +28 +29 +30 +31 +32 +33 +34 +35 +36 +37 +38 +39 +40 +41 +42 +43 +44 +45 +46 +47 +48 +49 +50 +51 +52 +53 +54 +55 +56 +57 +58 +59 +60 +61 +62 +63 +64 +65 +66 +67 +68 +69 +70 +71 +72 +73 +74 +75 +76 +77 +78 +79 +80 +81 +82 +83 +84 +85 +86 +87 +88 +89 +90 +91 +92 +93 +94 +95 +96 +97 +98 +99 +100 +101 +102 +103 +104 +105 +106 +107 +108 +109 +110 +111 +112 +113 +114 +115 +116 +117 -120 +118 -121 -122 +119)
(+1 +2 +3 +4 +5 +6 +7 +8 +9 +10 +11 +12 +13 +14 +15 +16 +17 +18 +19 +20 +21 +22 +23 +24 +25 +26 +27 +28 +29 +30 +31 +32 +33 +34 +35 +36 +37 +38 +39 +40 +41 +42 +43 +44 +45 +46 +47 +48 +49 +50 +51 +52 +53 +54 +55 +56 +57 +58 +59 +60 +61 +62 +63 +64 +65 +66 +67 +68 +69 +70 +71 +72 +73 +74 +75 +76 +77 +78 +79 +80 +81 +82 +83 +84 +85 +86 +87 +88 +89 +90 +91 +92 +93 +94 +95 +96 +97 +98 +99 +100 +101 +102 +103 +104 +105 +106 +107 +108 +109 +110 +111 +112 +113 +114 +115 +116 +117 -118 +120 -121 -122 +119)
(+1 +2 +3 +4 +5 +6 +7 +8 +9 +10 +11 +12 +13 +14 +15 +16 +17 +18 +19 +20 +21 +22 +23 +24 +25 +26 +27 +28 +29 +30 +31 +32 +33 +34 +35 +36 +37 +38 +39 +40 +41 +42 +43 +44 +45 +46 +47 +48 +49 +50 +51 +52 +53 +54 +55 +56 +57 +58 +59 +60 +61 +62 +63 +64 +65 +66 +67 +68 +69 +70 +71 +72 +73 +74 +75 +76 +77 +78 +79 +80 +81 +82 +83 +84 +85 +86 +87 +88 +89 +90 +91 +92 +93 +94 +95 +96 +97 +98 +99 +100 +101 +102 +103 +104 +105 +106 +107 +108 +109 +110 +111 +112 +113 +114 +115 +116 +117 +118 +120 -121 -122 +119)
(+1 +2 +3 +4 +5 +6 +7 +8 +9 +10 +11 +12 +13 +14 +15 +16 +17 +18 +19 +20 +21 +22 +23 +24 +25 +26 +27 +28 +29 +30 +31 +32 +33 +34 +35 +36 +37 +38 +39 +40 +41 +42 +43 +44 +45 +46 +47 +48 +49 +50 +51 +52 +53 +54 +55 +56 +57 +58 +59 +60 +61 +62 +63 +64 +65 +66 +67 +68 +69 +70 +71 +72 +73 +74 +75 +76 +77 +78 +79 +80 +81 +82 +83 +84 +85 +86 +87 +88 +89 +90 +91 +92 +93 +94 +95 +96 +97 +98 +99 +100 +101 +102 +103 +104 +105 +106 +107 +108 +109 +110 +111 +112 +113 +114 +115 +116 +117 +118 -119 +122 +121 -120)
(+1 +2 +3 +4 +5 +6 +7 +8 +9 +10 +11 +12 +13 +14 +15 +16 +17 +18 +19 +20 +21 +22 +23 +24 +25 +26 +27 +28 +29 +30 +31 +32 +33 +34 +35 +36 +37 +38 +39 +40 +41 +42 +43 +44 +45 +46 +47 +48 +49 +50 +51 +52 +53 +54 +55 +56 +57 +58 +59 +60 +61 +62 +63 +64 +65 +66 +67 +68 +69 +70 +71 +72 +73 +74 +75 +76 +77 +78 +79 +80 +81 +82 +83 +84 +85 +86 +87 +88 +89 +90 +91 +92 +93 +94 +95 +96 +97 +98 +99 +100 +101 +102 +103 +104 +105 +106 +107 +108 +109 +110 +111 +112 +113 +114 +115 +116 +117 +118 +119 +122 +121 -120)
(+1 +2 +3 +4 +5 +6 +7 +8 +9 +10 +11 +12 +13 +14 +15 +16 +17 +18 +19 +20 +21 +22 +23 +24 +25 +26 +27 +28 +29 +30 +31 +32 +33 +34 +35 +36 +37 +38 +39 +40 +41 +42 +43 +44 +45 +46 +47 +48 +49 +50 +51 +52 +53 +54 +55 +56 +57 +58 +59 +60 +61 +62 +63 +64 +65 +66 +67 +68 +69 +70 +71 +72 +73 +74 +75 +76 +77 +78 +79 +80 +81 +82 +83 +84 +85 +86 +87 +88 +89 +90 +91 +92 +93 +94 +95 +96 +97 +98 +99 +100 +101 +102 +103 +104 +105 +106 +107 +108 +109 +110 +111 +112 +113 +114 +115 +116 +117 +118 +119 +120 -121 -122)
(+1 +2 +3 +4 +5 +6 +7 +8 +9 +10 +11 +12 +13 +14 +15 +16 +17 +18 +19 +20 +21 +22 +23 +24 +25 +26 +27 +28 +29 +30 +31 +32 +33 +34 +35 +36 +37 +38 +39 +40 +41 +42 +43 +44 +45 +46 +47 +48 +49 +50 +51 +52 +53 +54 +55 +56 +57 +58 +59 +60 +61 +62 +63 +64 +65 +66 +67 +68 +69 +70 +71 +72 +73 +74 +75 +76 +77 +78 +79 +80 +81 +82 +83 +84 +85 +86 +87 +88 +89 +90 +91 +92 +93 +94 +95 +96 +97 +98 +99 +100 +101 +102 +103 +104 +105 +106 +107 +108 +109 +110 +111 +112 +113 +114 +115 +116 +117 +118 +119 +120 +121 -122)
(+1 +2 +3 +4 +5 +6 +7 +8 +9 +10 +11 +12 +13 +14 +15 +16 +17 +18 +19 +20 +21 +22 +23 +24 +25 +26 +27 +28 +29 +30 +31 +32 +33 +34 +35 +36 +37 +38 +39 +40 +41 +42 +43 +44 +45 +46 +47 +48 +49 +50 +51 +52 +53 +54 +55 +56 +57 +58 +59 +60 +61 +62 +63 +64 +65 +66 +67 +68 +69 +70 +71 +72 +73 +74 +75 +76 +77 +78 +79 +80 +81 +82 +83 +84 +85 +86 +87 +88 +89 +90 +91 +92 +93 +94 +95 +96 +97 +98 +99 +100 +101 +102 +103 +104 +105 +106 +107 +108 +109 +110 +111 +112 +113 +114 +115 +116 +117 +118 +119 +120 +121 +122)
